          51          22
   4.63071693E-13   8.76975792E-13   1.49046335E-12   2.35080250E-12   3.51106210E-12   5.02892823E-12   6.96547073E-12   9.38422950E-12   1.23506726E-11   1.40602009E-11   1.59319728E-11   2.01970194E-11   2.52165736E-11   3.10635059E-11   3.78130409E-11   4.55430138E-11   5.43340616E-11   6.42697631E-11   7.54367541E-11   8.79247578E-11   1.01826582E-10   1.17238066E-10
   9.66642998E-13   1.83065065E-12   3.11128055E-12   4.90720312E-12   7.32919628E-12   1.04976782E-11   1.45401304E-11   1.95891879E-11   2.57815123E-11   2.93500814E-11   3.32573274E-11   4.21604314E-11   5.26385359E-11   6.48437554E-11   7.89331239E-11   9.50691054E-11   1.13420037E-10   1.34160377E-10   1.57470995E-10   1.83539142E-10   2.12558582E-10   2.44729376E-10
   2.01892236E-12   3.82348146E-12   6.49819391E-12   1.02491418E-11   1.53076961E-11   2.19253608E-11   3.03683884E-11   4.09138036E-11   5.38470379E-11   6.13003190E-11   6.94609509E-11   8.80558820E-11   1.09940348E-10   1.35432041E-10   1.64858946E-10   1.98560390E-10   2.36887926E-10   2.80205970E-10   3.28892219E-10   3.83337861E-10   4.43947490E-10   5.11139020E-10
   4.22520048E-12   8.00178153E-12   1.35994193E-11   2.14494030E-11   3.20359433E-11   4.58853858E-11   6.35549530E-11   8.56243826E-11   1.12691030E-10   1.28289240E-10   1.45367801E-10   1.84283241E-10   2.30082994E-10   2.83431917E-10   3.45016432E-10   4.15546708E-10   4.95758379E-10   5.86414195E-10   6.88304580E-10   8.02248046E-10   9.29091526E-10   1.06970954E-09
   8.81864807E-12   1.67009566E-11   2.83840920E-11   4.47682204E-11   6.68639658E-11   9.57698851E-11   1.32648989E-10   1.78711282E-10   2.35203523E-10   2.67759370E-10   3.03404912E-10   3.84627358E-10   4.80218365E-10   5.91565630E-10   7.20101756E-10   8.67308947E-10   1.03472275E-09   1.22393484E-09   1.43659495E-09   1.67441183E-09   1.93915284E-09   2.23264274E-09
   1.84385510E-11   3.49193452E-11   5.93471314E-11   9.36040273E-11   1.39803100E-10   2.00241282E-10   2.77350226E-10   3.73659909E-10   4.91777064E-10   5.59846669E-10   6.34376329E-10   8.04200651E-10   1.00406750E-09   1.23687827E-09   1.50562829E-09   1.81341664E-09   2.16345386E-09   2.55906785E-09   3.00370817E-09   3.50094687E-09   4.05447942E-09   4.66812189E-09
   3.85190907E-11   7.29483210E-11   1.23979230E-10   1.95543637E-10   2.92055852E-10   4.18314272E-10   5.79398696E-10   7.80594311E-10   1.02734665E-09   1.16954724E-09   1.32524325E-09   1.68001402E-09   2.09754480E-09   2.58389643E-09   3.14532667E-09   3.78830878E-09   4.51955051E-09   5.34600320E-09   6.27487307E-09   7.31362215E-09   8.46997050E-09   9.75188907E-09
   8.04921060E-11   1.52437743E-10   2.59075345E-10   4.08621109E-10   6.10299422E-10   8.74137263E-10   1.21074972E-09   1.63118075E-09   2.14680984E-09   2.44396081E-09   2.76931234E-09   3.51066221E-09   4.38315828E-09   5.39946532E-09   6.57265975E-09   7.91626853E-09   9.44430667E-09   1.11713012E-08   1.31123103E-08   1.52829269E-08   1.76992785E-08   2.03780264E-08
   1.68106806E-10   3.18364390E-10   5.41075629E-10   8.53399962E-10   1.27460231E-09   1.82562365E-09   2.52863308E-09   3.40669581E-09   4.48357662E-09   5.10416998E-09   5.78365933E-09   7.33194971E-09   9.15413345E-09   1.12766605E-08   1.37268374E-08   1.65329173E-08   1.97241654E-08   2.33309230E-08   2.73846350E-08   3.19178639E-08   3.69642947E-08   4.25587174E-08
   3.51255913E-10   6.65216049E-10   1.13056664E-09   1.78316162E-09   2.66325428E-09   3.81460019E-09   5.28351984E-09   7.11820647E-09   9.36831501E-09   1.06650226E-08   1.20847918E-08   1.53198840E-08   1.91272598E-08   2.35621815E-08   2.86817059E-08   3.45448541E-08   4.12127861E-08   4.87488805E-08   5.72188412E-08   6.66907027E-08   7.72348443E-08   8.89239473E-08
   7.34117933E-10   1.39028800E-09   2.36286035E-09   3.72676912E-09   5.56614133E-09   7.97242272E-09   1.10424212E-08   1.48768553E-08   1.95794954E-08   2.22895640E-08   2.52568171E-08   3.20180078E-08   3.99752196E-08   4.92439440E-08   5.99434173E-08   7.21969897E-08   8.61324594E-08   1.01882279E-07   1.19583746E-07   1.39379054E-07   1.61415244E-07   1.85844200E-07
   1.53355650E-09   2.90428059E-09   4.93596053E-09   7.78512987E-09   1.16275256E-08   1.66541732E-08   2.30672885E-08   3.10772634E-08   4.09008543E-08   4.65620431E-08   5.27604698E-08   6.68841693E-08   8.35062295E-08   1.02867872E-07   1.25218151E-07   1.50814699E-07   1.79924442E-07   2.12824062E-07   2.49800308E-07   2.91150116E-07   3.37180666E-07   3.88209116E-07
   3.20352322E-09   6.06689365E-09   1.03109619E-08   1.62627156E-08   2.42892515E-08   3.47895899E-08   4.81861377E-08   6.49183391E-08   8.54389555E-08   9.72646390E-08   1.10212525E-07   1.39715397E-07   1.74436877E-07   2.14880785E-07   2.61567266E-07   3.15034441E-07   3.75839790E-07   4.44561124E-07   5.21797290E-07   6.08168477E-07   7.04316108E-07   8.10902463E-07
   6.68175959E-09   1.26540334E-08   2.15060858E-08   3.39199175E-08   5.06611748E-08   7.25620666E-08   1.00503541E-07   1.35402090E-07   1.78201901E-07   2.02866559E-07   2.29871702E-07   2.91404888E-07   3.63821727E-07   4.48172869E-07   5.45542946E-07   6.57053988E-07   7.83868416E-07   9.27190968E-07   1.08827044E-06   1.26839950E-06   1.46891568E-06   1.69119971E-06
   1.39736684E-08   2.64635407E-08   4.49758915E-08   7.09369488E-08   1.05947834E-07   1.51748822E-07   2.10181994E-07   2.83163672E-07   3.72668069E-07   4.24247276E-07   4.80720587E-07   6.09398001E-07   7.60833473E-07   9.37223376E-07   1.14083514E-06   1.37401446E-06   1.63919094E-06   1.93888332E-06   2.27570104E-06   2.65234712E-06   3.07161577E-06   3.53639257E-06
   2.92257774E-08   5.53481030E-08   9.40662161E-08   1.48362929E-07   2.21586703E-07   3.17376816E-07   4.39585250E-07   5.92218953E-07   7.79405639E-07   8.87275519E-07   1.00537977E-06   1.27448311E-06   1.59117485E-06   1.96004657E-06   2.38583743E-06   2.87345074E-06   3.42796511E-06   4.05464380E-06   4.75894103E-06   5.54650433E-06   6.42317264E-06   7.39497409E-06
   6.09858617E-08   1.15495375E-07   1.96288212E-07   3.09588245E-07   4.62381962E-07   6.62261982E-07   9.17264117E-07   1.23574659E-06   1.62631864E-06   1.85138947E-06   2.09781138E-06   2.65927952E-06   3.32002105E-06   4.08960977E-06   4.97792780E-06   5.99519672E-06   7.15200395E-06   8.45932118E-06   9.92851710E-06   1.15713592E-05   1.34000156E-05   1.54270438E-05
   1.27570402E-07   2.41592517E-07   4.10592691E-07   6.47588706E-07   9.67192250E-07   1.38528128E-06   1.91865797E-06   2.58479622E-06   3.40169277E-06   3.87242562E-06   4.38780535E-06   5.56205578E-06   6.94387381E-06   8.55326289E-06   1.04108694E-05   1.25380448E-05   1.49569050E-05   1.76903650E-05   2.07621615E-05   2.41968628E-05   2.80198637E-05   3.22573687E-05
   2.66382472E-07   5.04471302E-07   8.57356270E-07   1.35221603E-06   2.01955390E-06   2.89251011E-06   4.00614863E-06   5.39692701E-06   7.10238555E-06   8.08511231E-06   9.16101817E-06   1.16122810E-05   1.44966825E-05   1.78559203E-05   2.17330253E-05   2.61724927E-05   3.12204029E-05   3.69244881E-05   4.33341847E-05   5.05006319E-05   5.84766858E-05   6.73168324E-05
   5.56527823E-07   1.05393462E-06   1.79115943E-06   2.82497149E-06   4.21907271E-06   6.04265642E-06   8.36891013E-06   1.12739062E-05   1.48359532E-05   1.68883798E-05   1.91353247E-05   2.42542756E-05   3.02772369E-05   3.72910945E-05   4.53854991E-05   5.46531228E-05   6.51899172E-05   7.70952247E-05   9.04718909E-05   1.05426283E-04   1.22068202E-04   1.40510820E-04
   1.16310480E-06   2.20262018E-06   3.74329193E-06   5.90372338E-06   8.81696633E-06   1.26274908E-05   1.74880388E-05   2.35572970E-05   3.09985371E-05   3.52857751E-05   3.99790551E-05   5.06702054E-05   6.32477968E-05   7.78926915E-05   9.47914305E-05   1.14136783E-04   1.36128190E-04   1.60972093E-04   1.88881997E-04   2.20078509E-04   2.54789164E-04   2.93248100E-04
   2.42963097E-06   4.60099636E-06   7.81908875E-06   1.23315294E-05   1.84159926E-05   2.63738166E-05   3.65233755E-05   4.91952087E-05   6.47291308E-05   7.36778020E-05   8.34731036E-05   1.05783271E-04   1.32024827E-04   1.62573197E-04   1.97815389E-04   2.38150998E-04   2.83993140E-04   3.35768971E-04   3.93919647E-04   4.58900380E-04   5.31179714E-04   6.11238705E-04
   5.07606137E-06   9.61223759E-06   1.63347959E-05   2.57606353E-05   3.84690429E-05   5.50881159E-05   7.62807904E-05   1.02734528E-04   1.35155293E-04   1.53828310E-04   1.74265064E-04   2.20802060E-04   2.75522383E-04   3.39202583E-04   4.12642141E-04   4.96665598E-04   5.92124008E-04   6.99895609E-04   8.20885645E-04   9.56025207E-04   1.10626954E-03   1.27259560E-03
   1.06063162E-05   2.00835639E-05   3.41276500E-05   5.38171880E-05   8.03597577E-05   1.15062947E-04   1.59304560E-04   2.14510772E-04   2.82143330E-04   3.21084633E-04   3.63694358E-04   4.60686482E-04   5.74676553E-04   7.07260275E-04   8.60077154E-04   1.03481417E-03   1.23320764E-03   1.45704311E-03   1.70815340E-03   1.98841398E-03   2.29973788E-03   2.64406763E-03
   2.21669907E-05   4.19710232E-05   7.13145055E-05   1.12446767E-04   1.67882114E-04   2.40337002E-04   3.32666124E-04   4.47815430E-04   5.88794588E-04   6.69925241E-04   7.58665556E-04   9.60542762E-04   1.19759981E-03   1.47307815E-03   1.79029605E-03   2.15265271E-03   2.56362930E-03   3.02678416E-03   3.54574271E-03   4.12418367E-03   4.76581836E-03   5.47437277E-03
   4.63028591E-05   8.76592530E-05   1.48924417E-04   2.34779582E-04   3.50443530E-04   5.01533854E-04   6.93927286E-04   9.33656818E-04   1.22685125E-03   1.39543228E-03   1.57970912E-03   1.99849764E-03   2.48956378E-03   3.05935042E-03   3.71440710E-03   4.46139462E-03   5.30707510E-03   6.25828980E-03   7.32192583E-03   8.50487035E-03   9.81395505E-03   1.12558967E-02
   9.66449152E-05   1.82929594E-04   3.10708361E-04   4.89690399E-04   7.30650383E-04   1.04511261E-03   1.44503685E-03   1.94258802E-03   2.54999870E-03   2.89872661E-03   3.27950949E-03   4.14336100E-03   5.15381526E-03   6.32318109E-03   7.66382692E-03   9.18817334E-03   1.09086493E-02   1.28376214E-02   1.49872936E-02   1.73695739E-02   1.99959371E-02   2.28772648E-02
   2.01809002E-04   3.81861115E-04   6.48345391E-04   1.02130871E-03   1.52281614E-03   2.17619841E-03   3.00532067E-03   4.03404888E-03   5.28593734E-03   6.00280846E-03   6.78410102E-03   8.55120644E-03   1.06095280E-02   1.29810041E-02   1.56872589E-02   1.87495537E-02   2.21886635E-02   2.60246731E-02   3.02766971E-02   3.49625573E-02   4.00984362E-02   4.56985123E-02
   4.22170473E-04   7.98390887E-04   1.35463779E-03   2.13198364E-03   3.17495526E-03   4.52964241E-03   6.24193670E-03   8.35630484E-03   1.09151406E-02   1.23738665E-02   1.39585938E-02   1.75246932E-02   2.16496047E-02   2.63678469E-02   3.17123868E-02   3.77145112E-02   4.44034934E-02   5.18060699E-02   5.99457435E-02   6.88420609E-02   7.85098076E-02   8.89583752E-02
   8.80424748E-04   1.66345167E-03   2.81900377E-03   4.42945631E-03   6.58160821E-03   9.36178491E-03   1.28516499E-02   1.71256755E-02   2.22502854E-02   2.51502004E-02   2.82842629E-02   3.52798328E-02   4.32838723E-02   5.23387827E-02   6.24828562E-02   7.37499371E-02   8.61685425E-02   9.97605249E-02  0.114539541      0.130509451      0.147662982      0.165980712    
   1.83793961E-03   3.46672907E-03   5.86215686E-03   9.18390788E-03   1.35913938E-02   1.92312021E-02   2.62280889E-02   3.46815102E-02   4.46670726E-02   5.02525754E-02   5.62409535E-02   6.94451705E-02   8.43119696E-02  0.100866385      0.119126685      0.139102951      0.160794392      0.184185952      0.209245071      0.235918880      0.264132529      0.293788940    
   3.82769806E-03   7.19804130E-03   1.21240700E-02   1.88954081E-02   2.77724154E-02   3.89570110E-02   5.25787845E-02   6.86988831E-02   8.73261839E-02   9.75734890E-02  0.108437352      0.131993949      0.157952651      0.186268091      0.216889724      0.249754906      0.284780771      0.321856499      0.360837549      0.401543200      0.443756849      0.487230122    
   7.95020536E-03   1.48693053E-02   2.48729866E-02   3.84246744E-02   5.58531061E-02   7.72989988E-02  0.102717541      0.131928608      0.164685339      0.182312801      0.200732499      0.239839554      0.281807780      0.326458633      0.373612791      0.423067838      0.474579960      0.527852356      0.582532048      0.638214767      0.694456875      0.750792325    
   1.64082721E-02   3.03921532E-02   5.02390265E-02   7.64925256E-02  0.109261818      0.148184851      0.192557931      0.241547942      0.294376373      0.322026849      0.350413918      0.409186810      0.470328718      0.533514678      0.598401189      0.664584756      0.731581986      0.798830688      0.865707874      0.931559443      0.995737314       1.05763662    
   3.35106775E-02   6.10295087E-02   9.88984928E-02  0.147120729      0.204619035      0.269486874      0.339572221      0.413013667      0.488485366      0.526709318      0.565160811      0.642535150      0.720232129      0.797860742      0.874936461      0.950859725       1.02493596       1.09642327       1.16459119       1.22878134       1.28845751       1.34324050    
   6.71096072E-02  0.118830487      0.186597109      0.268036693      0.358925432      0.454514027      0.550941527      0.645837784      0.738109529      0.783133984      0.827394247      0.913572788      0.996478796       1.07578754       1.15102279       1.22162449       1.28703761       1.34679580       1.40058458       1.44827604       1.48993647       1.52581024    
  0.129979864      0.220383897      0.330515742      0.452386558      0.576755106      0.696367681      0.807454944      0.909084857       1.00175190       1.04498911       1.08628976       1.16335356       1.23330474       1.29628563       1.35234702       1.40156317       1.44410634       1.48028135       1.51052475       1.53538096       1.55546737       1.57143486    
  0.239686564      0.382332742      0.539270341      0.694470465      0.835361063      0.956473887       1.05811262       1.14314628       1.21473575       1.24631572       1.27543294       1.32707798       1.37097526       1.40809488       1.43922281       1.46505117       1.48622417       1.50335705       1.51703787       1.52782333       1.53623188       1.54273713    
  0.412761480      0.608584583      0.796119928      0.955467105       1.07922173       1.17064178       1.23714232       1.28585613       1.32219291       1.33694351       1.34989810       1.37149251       1.38867188       1.40258992       1.41404355       1.42359471       1.43165207       1.43852401       1.44445539       1.44964862       1.45427835       1.45849836    
  0.651185989      0.873464108       1.04948890       1.17065203       1.24568927       1.28908551       1.31313717       1.32611251       1.33304358       1.33521581       1.33686340       1.33924091       1.34109807       1.34291816       1.34493041       1.34722281       1.34981036       1.35267711       1.35579956       1.35915911       1.36274731       1.36656570    
  0.918146133       1.11240566       1.23058188       1.28925323       1.31196928       1.31669915       1.31391752       1.30891716       1.30411696       1.30212784       1.30048656       1.29829955       1.29751110       1.29794371       1.29938078       1.30161262       1.30445826       1.30777442       1.31145573       1.31543171       1.31966126       1.32412577    
   1.14419389       1.26521766       1.31311965       1.32037294       1.31065524       1.29646635       1.28312469       1.27241015       1.26460171       1.26170957       1.25942302       1.25644076       1.25521934       1.25537419       1.25658751       1.25860727       1.26124179       1.26435256       1.26784492       1.27165961       1.27576530       1.28015018    
   1.28340948       1.33101678       1.33123004       1.31239367       1.28963864       1.26908255       1.25246119       1.23978317       1.23051667       1.22696853       1.22404552       1.21981537       1.21736658       1.21632969       1.21641362       1.21739280       1.21909690       1.22140098       1.22421741       1.22748840       1.23117828       1.23526788    
   1.34246075       1.34874284       1.32929075       1.30192745       1.27537489       1.25276625       1.23466659       1.22068799       1.21018791       1.20604062       1.20253026       1.19716358       1.19363391       1.19157660       1.19070423       1.19079435       1.19167936       1.19323635       1.19537878       1.19804823       1.20120752       1.20483458    
   1.34122407       1.33264363       1.30961704       1.28246379       1.25680220       1.23479903       1.21686375       1.20268726       1.19173944       1.18730438       1.18347597       1.17741096       1.17313588       1.17031825       1.16869414       1.16805863       1.16825676       1.16917479       1.17073166       1.17287183       1.17555833       1.17876780    
   1.29747510       1.28704381       1.26835656       1.24693441       1.22641528       1.20843244       1.19343221       1.18130350       1.17172229       1.16777003       1.16431510       1.15872812       1.15465307       1.15183401       1.15006566       1.14918840       1.14908230       1.14965975       1.15085948       1.15264022       1.15497458       1.15784538    
   1.24759984       1.24107873       1.22909129       1.21442032       1.19956779       1.18594444       1.17414069       1.16427994       1.15625739       1.15287554       1.14987683       1.14491975       1.14118028       1.13848007       1.13667285       1.13564420       1.13530874       1.13560534       1.13649237       1.13794267       1.13993931       1.14247179    
   1.21401036       1.21070564       1.20315766       1.19287479       1.18173826       1.17101181       1.16135538       1.15302610       1.14605224       1.14304948       1.14034915       1.13578725       1.13222980       1.12955201       1.12764907       1.12643921       1.12586188       1.12587500       1.12645102       1.12757325       1.12923181       1.13142133    
   1.19261730       1.18953264       1.18391716       1.17622721       1.16763425       1.15908659       1.15116322       1.14414608       1.13812482       1.13548446       1.13308120       1.12894571       1.12563241       1.12305784       1.12115026       1.11985409       1.11912882       1.11894786       1.11929536       1.12016273       1.12154639       1.12344491    
   1.17766869       1.17383981       1.16925371       1.16335189       1.15664876       1.14978504       1.14323878       1.13728952       1.13206291       1.12973177       1.12758672       1.12383556       1.12076163       1.11831260       1.11644185       1.11511302       1.11430037       1.11398852       1.11416948       1.11484075       1.11600244       1.11765575    
   1.16693318       1.16218174       1.15812576       1.15341914       1.14806211       1.14244056       1.13693714       1.13181579       1.12722099       1.12514126       1.12321007       1.11978829       1.11693430       1.11461794       1.11280990       1.11148715       1.11063373       1.11024106       1.11030638       1.11083007       1.11181486       1.11326301    
