          51          22
   3.52041476E-04   3.66751192E-04   3.97723896E-04   4.41786106E-04   4.93826519E-04   5.48639218E-04   6.01418898E-04   6.48241141E-04   6.86435029E-04   7.01834564E-04   7.14678492E-04   7.32785498E-04   7.41294003E-04   7.41026830E-04   7.32770131E-04   7.17136892E-04   6.94605173E-04   6.65668165E-04   6.31008181E-04   5.91611781E-04   5.48773503E-04   5.03987772E-04
   4.23154357E-04   4.40835574E-04   4.78064961E-04   5.31027967E-04   5.93580946E-04   6.59466255E-04   7.22908124E-04   7.79189460E-04   8.25099822E-04   8.43610906E-04   8.59050255E-04   8.80817475E-04   8.91048694E-04   8.90734140E-04   8.80820560E-04   8.62047251E-04   8.34992621E-04   8.00254231E-04   7.58658396E-04   7.11398257E-04   6.60037505E-04   6.06379705E-04
   5.08701371E-04   5.29957353E-04   5.74713456E-04   6.38384081E-04   7.13583548E-04   7.92789331E-04   8.69058131E-04   9.36719181E-04   9.91913257E-04   1.01416802E-03   1.03273056E-03   1.05890317E-03   1.07121048E-03   1.07084529E-03   1.05894916E-03   1.03641592E-03   1.00394711E-03   9.62268387E-04   9.12381569E-04   8.55729217E-04   7.94198888E-04   7.29963998E-04
   6.11851341E-04   6.37417776E-04   6.91249559E-04   7.67831283E-04   8.58279935E-04   9.53547715E-04   1.04528363E-03   1.12666725E-03   1.19305728E-03   1.21982733E-03   1.24215707E-03   1.27364579E-03   1.28846383E-03   1.28805020E-03   1.27378514E-03   1.24675292E-03   1.20780792E-03   1.15783443E-03   1.09804713E-03   1.03018864E-03   9.56532313E-04   8.79691448E-04
   7.35421199E-04   7.66151759E-04   8.30856152E-04   9.22905339E-04   1.03162252E-03   1.14613306E-03   1.25639944E-03   1.35422463E-03   1.43403013E-03   1.46621175E-03   1.49305712E-03   1.53092283E-03   1.54876267E-03   1.54831598E-03   1.53125543E-03   1.49890152E-03   1.45230012E-03   1.39253051E-03   1.32106349E-03   1.23999454E-03   1.15204812E-03   1.06034765E-03
   8.84340669E-04   9.21295199E-04   9.99103184E-04   1.10979367E-03   1.24052842E-03   1.37823087E-03   1.51083211E-03   1.62847573E-03   1.72445516E-03   1.76316244E-03   1.79545535E-03   1.84102170E-03   1.86253106E-03   1.86209357E-03   1.84174743E-03   1.80311373E-03   1.74748339E-03   1.67617993E-03   1.59098126E-03   1.49439450E-03   1.38966087E-03   1.28048693E-03
   1.06318831E-03   1.10761856E-03   1.20116456E-03   1.33424392E-03   1.49142300E-03   1.65698153E-03   1.81641115E-03   1.95786380E-03   2.07327888E-03   2.11983128E-03   2.15867627E-03   2.21352116E-03   2.23949063E-03   2.23915861E-03   2.21502711E-03   2.16910685E-03   2.10300926E-03   2.01836671E-03   1.91732170E-03   1.80284726E-03   1.67875644E-03   1.54939538E-03
   1.27830449E-03   1.33172807E-03   1.44420518E-03   1.60421606E-03   1.79320562E-03   1.99227501E-03   2.18398264E-03   2.35408591E-03   2.49289908E-03   2.54890206E-03   2.59564701E-03   2.66170851E-03   2.69314344E-03   2.69311527E-03   2.66472949E-03   2.61051510E-03   2.53251521E-03   2.43275729E-03   2.31381133E-03   2.17916071E-03   2.03322037E-03   1.88100140E-03
   1.53673638E-03   1.60096667E-03   1.73618982E-03   1.92855927E-03   2.15577125E-03   2.39510951E-03   2.62561091E-03   2.83015938E-03   2.99712108E-03   3.06450482E-03   3.12077510E-03   3.20041715E-03   3.23860138E-03   3.23925773E-03   3.20629030E-03   3.14293453E-03   3.05182184E-03   2.93548964E-03   2.79700058E-03   2.64036399E-03   2.47057853E-03   2.29328987E-03
   1.84764795E-03   1.92488462E-03   2.08747806E-03   2.31878436E-03   2.59199203E-03   2.87979539E-03   3.15699819E-03   3.40303360E-03   3.60393175E-03   3.68505833E-03   3.75285209E-03   3.84902232E-03   3.89565085E-03   3.89767787E-03   3.86008527E-03   3.78708239E-03   3.68211116E-03   3.54836835E-03   3.38947191E-03   3.20993364E-03   3.01524950E-03   2.81158392E-03
   2.22162041E-03   2.31451006E-03   2.51003425E-03   2.78818794E-03   3.11674131E-03   3.46287340E-03   3.79630481E-03   4.09232825E-03   4.33418062E-03   4.43192944E-03   4.51370096E-03   4.63008648E-03   4.68741870E-03   4.69198171E-03   4.65021376E-03   4.56766551E-03   4.44889022E-03   4.29793820E-03   4.11904696E-03   3.91716557E-03   3.69812176E-03   3.46838566E-03
   2.67101009E-03   2.78272480E-03   3.01783718E-03   3.35230888E-03   3.74740642E-03   4.16369224E-03   4.56479331E-03   4.92104562E-03   5.21235913E-03   5.33025200E-03   5.42902853E-03   5.57028502E-03   5.64137055E-03   5.65034524E-03   5.60559286E-03   5.51447691E-03   5.38305007E-03   5.21646952E-03   5.01967780E-03   4.79798485E-03   4.55733435E-03   4.30420460E-03
   3.21136974E-03   3.34574725E-03   3.62849073E-03   4.03072266E-03   4.50590253E-03   5.00665698E-03   5.48931351E-03   5.91828767E-03   6.26953505E-03   6.41195895E-03   6.53155753E-03   6.70371484E-03   6.79277396E-03   6.80909678E-03   6.76360866E-03   6.66605495E-03   6.52445992E-03   6.34541176E-03   6.13470422E-03   5.89797134E-03   5.64107532E-03   5.37018804E-03
   3.85970762E-03   4.02132561E-03   4.36127046E-03   4.84487740E-03   5.41626569E-03   6.01857621E-03   6.59943325E-03   7.11622043E-03   7.54023157E-03   7.71265244E-03   7.85790756E-03   8.06886517E-03   8.18181783E-03   8.21002945E-03   8.16762820E-03   8.06737132E-03   7.91978557E-03   7.73327751E-03   7.51472125E-03   7.27013405E-03   7.00520305E-03   6.72555668E-03
   4.64228122E-03   4.83686803E-03   5.24595147E-03   5.82791865E-03   6.51565986E-03   7.24094035E-03   7.94098247E-03   8.56481399E-03   9.07824561E-03   9.28791706E-03   9.46536381E-03   9.72619839E-03   9.87188797E-03   9.91925225E-03   9.88632441E-03   9.78953391E-03   9.64247901E-03   9.45583079E-03   9.23786312E-03   8.99517257E-03   8.73333309E-03   8.45736451E-03
   5.58410073E-03   5.81852440E-03   6.31098635E-03   7.01157749E-03   7.83976354E-03   8.71375389E-03   9.55844950E-03   1.03130639E-02   1.09370574E-02   1.11934636E-02   1.14118718E-02   1.17381299E-02   1.19298650E-02   1.20080644E-02   1.19953016E-02   1.19122686E-02   1.17761446E-02   1.16003025E-02   1.13947857E-02   1.11670746E-02   1.09228697E-02   1.06667299E-02
   6.71398640E-03   6.99649239E-03   7.58929085E-03   8.43264442E-03   9.43007879E-03   1.04837921E-02   1.15042571E-02   1.24193421E-02   1.31812980E-02   1.34971850E-02   1.37686720E-02   1.41828526E-02   1.44411726E-02   1.45692611E-02   1.45946899E-02   1.45428265E-02   1.44348033E-02   1.42870434E-02   1.41117014E-02   1.39174946E-02   1.37105975E-02   1.34954331E-02
   8.07895511E-03   8.42007995E-03   9.13465768E-03   1.01513062E-02   1.13546001E-02   1.26278503E-02   1.38647258E-02   1.49801122E-02   1.59181952E-02   1.63119361E-02   1.66544095E-02   1.71910506E-02   1.75490342E-02   1.77589115E-02   1.78534873E-02   1.78630035E-02   1.78127419E-02   1.77223999E-02   1.76065173E-02   1.74753759E-02   1.73359998E-02   1.71930660E-02
   9.71996598E-03   1.01325428E-02   1.09945638E-02   1.22210691E-02   1.36743980E-02   1.52159464E-02   1.67202298E-02   1.80876516E-02   1.92536451E-02   1.97510812E-02   2.01903488E-02   2.09009964E-02   2.14100834E-02   2.17530020E-02   2.19676495E-02   2.20890120E-02   2.21464541E-02   2.21629832E-02   2.21556667E-02   2.21365914E-02   2.21139546E-02   2.20930725E-02
   1.17010986E-02   1.22017525E-02   1.32436836E-02   1.47263063E-02   1.64860841E-02   1.83592774E-02   2.01989040E-02   2.18895432E-02   2.33572833E-02   2.39962526E-02   2.45707408E-02   2.55338512E-02   2.62743086E-02   2.68318187E-02   2.72488333E-02   2.75646187E-02   2.78123189E-02   2.80181114E-02   2.82016210E-02   2.83768997E-02   2.85535734E-02   2.87379269E-02
   1.40971458E-02   1.47077059E-02   1.59707386E-02   1.77681483E-02   1.99067257E-02   2.21944097E-02   2.44605802E-02   2.65728571E-02   2.84474716E-02   2.92829350E-02   3.00491136E-02   3.13818119E-02   3.24755684E-02   3.33733857E-02   3.41212749E-02   3.47619727E-02   3.53318080E-02   3.58597971E-02   3.63679826E-02   3.68724018E-02   3.73842642E-02   3.79110351E-02
   1.70003660E-02   1.77504197E-02   1.92878116E-02   2.14756653E-02   2.40874719E-02   2.68998798E-02   2.97167189E-02   3.23875844E-02   3.48181501E-02   3.59289683E-02   3.69684212E-02   3.88414599E-02   4.04682755E-02   4.18937765E-02   4.31662463E-02   4.43307906E-02   4.54261191E-02   4.64834757E-02   4.75269556E-02   4.85743806E-02   4.96384352E-02   5.07277623E-02
   2.05374807E-02   2.14693435E-02   2.33528204E-02   2.60323696E-02   2.92450581E-02   3.27335894E-02   3.62743065E-02   3.96972299E-02   4.28960249E-02   4.43949029E-02   4.58244458E-02   4.84829545E-02   5.09019941E-02   5.31269200E-02   5.52070178E-02   5.71887419E-02   5.91122881E-02   6.10104427E-02   6.29087463E-02   6.48263097E-02   6.67768493E-02   6.87697753E-02
   2.48780455E-02   2.60552615E-02   2.83849146E-02   3.16956788E-02   3.56861986E-02   4.00630645E-02   4.45728749E-02   4.90233749E-02   5.32931164E-02   5.53406253E-02   5.73264845E-02   6.11186400E-02   6.46973252E-02   6.81068823E-02   7.13966191E-02   7.46136233E-02   7.77990371E-02   8.09866861E-02   8.42030421E-02   8.74678940E-02   9.07953531E-02   9.41948742E-02
   3.02642006E-02   3.17875259E-02   3.47094499E-02   3.88506949E-02   4.38713320E-02   4.94402871E-02   5.52715361E-02   6.11461401E-02   6.69220239E-02   6.97485134E-02   7.25286677E-02   7.79512003E-02   8.32113177E-02   8.83502588E-02   9.34162959E-02   9.84567776E-02  0.103513725      0.108622007      0.113808952      0.119094819      0.124493681      0.130014405    
   3.70475538E-02   3.90841775E-02   4.28205132E-02   4.80854250E-02   5.45026921E-02   6.17023036E-02   6.93617463E-02   7.72289857E-02   8.51333439E-02   8.90675560E-02   9.29812044E-02  0.100740671      0.108422183      0.116060585      0.123701416      0.131391600      0.139174044      0.147084832      0.155152276      0.163396999      0.171832636      0.180466682    
   4.57756780E-02   4.86150831E-02   5.35196774E-02   6.03556819E-02   6.87150583E-02   7.81860277E-02   8.84031132E-02   9.90723893E-02  0.109984733      0.115489721      0.121014036      0.132103488      0.143246397      0.154467344      0.165806711      0.177309692      0.189019084      0.200971290      0.213194385      0.225707650      0.238521948      0.251640648    
   5.73375300E-02   6.14990443E-02   6.81624264E-02   7.72813782E-02   8.84214118E-02  0.101120397      0.114957236      0.129583314      0.144740239      0.152462333      0.160261199      0.176058710      0.192105070      0.208411783      0.225011811      0.241946071      0.259254217      0.276969045      0.295113474      0.313699603      0.332728744      0.352192551    
   7.31564462E-02   7.95891285E-02   8.90307352E-02  0.101604678      0.116854385      0.134246320      0.153278187      0.173525989      0.194669008      0.205505595      0.216493711      0.238880455      0.261780888      0.285193592      0.309142649      0.333660990      0.358778894      0.384516835      0.410881758      0.437865764      0.465446651      0.493589431    
   9.52210352E-02  0.105612680      0.119571202      0.137512878      0.158959284      0.183262140      0.209788933      0.238002241      0.267496735      0.282635450      0.298003346      0.329369783      0.361529917      0.394471467      0.428208649      0.462761074      0.498139739      0.534338653      0.571331143      0.609069288      0.647485435      0.686495841    
  0.126633167      0.143949896      0.165415302      0.191901535      0.222895503      0.257554561      0.295031458      0.334612995      0.375775188      0.396837413      0.418181717      0.461648792      0.506097138      0.551505625      0.597873867      0.645195544      0.693442404      0.742555499      0.792443812      0.842985928      0.894035399      0.945427418    
  0.171137065      0.200167701      0.233904928      0.273815989      0.319287151      0.369138509      0.422178805      0.477440774      0.534253895      0.563108861      0.592219830      0.651140749      0.710937977      0.771582603      0.833045185      0.895264149      0.958130836       1.02148545       1.08512115       1.14879441       1.21223557       1.27516305    
  0.233239606      0.280998170      0.333879083      0.393887341      0.460086584      0.530720294      0.604109049      0.679003954      0.754640758      0.792607725      0.830639601      0.906856477      0.983248770       1.05977738       1.13634944       1.21279228       1.28885114       1.36420083       1.43846524       1.51124096       1.58212066       1.65071404    
  0.317643404      0.393125057      0.473713487      0.561489820      0.654756129      0.750923693      0.847817898      0.944074631       1.03905213       1.08599222       1.13256192       1.22460425       1.31518030       1.40419149       1.49140501       1.57646215       1.65891194       1.73825407       1.81398356       1.88563037       1.95279121       2.01515174    
  0.429997057      0.543506324      0.661015332      0.783736944      0.908647120       1.03226781       1.15224922       1.26754403       1.37797284       1.43141484       1.48371243       1.58494055       1.68166351       1.77368236       1.86063612       1.94207764       2.01755524       2.08668089       2.14918065       2.20492244       2.25392509       2.29635048    
  0.578410268      0.740682244      0.903057218       1.06457484       1.22057724       1.36727262       1.50304055       1.62790596       1.74259412       1.79636574       1.84785628       1.94417918       2.03176308       2.11062551       2.18073273       2.24211144       2.29491758       2.33946443       2.37621856       2.40577316       2.42880917       2.44605613    
  0.774241269      0.993999362       1.20371497       1.39948082       1.57603264       1.73116899       1.86568928       1.98176730       2.08167100       2.12615085       2.16723704       2.23984647       2.30059171       2.35045099       2.39039898       2.42145228       2.44466329       2.46109104       2.47176456       2.47764993       2.47962689       2.47847581    
   1.02638364       1.30252910       1.54821885       1.75866842       1.93175960       2.07024193       2.17939210       2.26463413       2.33050656       2.35732412       2.38056970       2.41763926       2.44402742       2.46169686       2.47233677       2.47739863       2.47811341       2.47550821       2.47042513       2.46354246       2.45539880       2.44641638    
   1.33285081       1.64582157       1.89757788       2.08914614       2.22750616       2.32359457       2.38824558       2.43021083       2.45596385       2.46427298       2.47016358       2.47616386       2.47639680       2.47263455       2.46616673       2.45792651       2.44858241       2.43860817       2.42833662       2.41799688       2.40774584       2.39768863    
   1.67949784       1.98782361       2.20184398       2.33858180       2.41857672       2.46068978       2.47907805       2.48323083       2.47914815       2.47523403       2.47051191       2.45954084       2.44754744       2.43528867       2.42318463       2.41145301       2.40019298       2.38943648       2.37917995       2.36940169       2.36007428       2.35116816    
   2.02138853       2.26960468       2.40775537       2.47297144       2.49493957       2.49383783       2.48172593       2.46520162       2.44762468       2.43897676       2.43056941       2.41467357       2.40010762       2.38682437       2.37468934       2.36354494       2.35324073       2.34364557       2.33465075       2.32616949       2.31813312       2.31048894    
   2.29333997       2.44232059       2.49789739       2.50491977       2.48996234       2.46711874       2.44307494       2.42060232       2.40058041       2.39151812       2.38305235       2.36774063       2.35428286       2.34233212       2.33159065       2.32181787       2.31282520       2.30446792       2.29663563       2.28924584       2.28223705       2.27556276    
   2.45231652       2.50449133       2.50167823       2.47780466       2.44843054       2.42003870       2.39484572       2.37321830       2.35481763       2.34665990       2.33910537       2.32554984       2.31369638       2.30318022       2.29371762       2.28509235       2.27714157       2.26974249       2.26280308       2.25625467       2.25004554       2.24413729    
   2.50224447       2.49357343       2.46443820       2.43139172       2.40045691       2.37346673       2.35056353       2.33127379       2.31497002       2.30774832       2.30105615       2.28902698       2.27847910       2.26909757       2.26064157       2.25292778       2.24581647       2.23920298       2.23300695       2.22716808       2.22164011       2.21638799    
   2.48664856       2.45310259       2.41778851       2.38529229       2.35690594       2.33271790       2.31231260       2.29510522       2.28050709       2.27402043       2.26799774       2.25714660       2.24761033       2.23912024       2.23146892       2.22449660       2.21808124       2.21212840       2.20656633       2.20133924       2.19640470       2.19172859    
   2.44532800       2.40694070       2.37321925       2.34377670       2.31842279       2.29685187       2.27860498       2.26315808       2.25000453       2.24414587       2.23869920       2.22887230       2.22022653       2.21252847       2.20559525       2.19928575       2.19349051       2.18812442       2.18312168       2.17843151       2.17401361       2.16983628    
   2.39879870       2.36249018       2.33212304       2.30596066       2.28348184       2.26432753       2.24807811       2.23427844       2.22249341       2.21723413       2.21233988       2.20349908       2.19571352       2.18877912       2.18253589       2.17685938       2.17165184       2.16683745       2.16235709       2.15816379       2.15422130       2.15050030    
   2.35553360       2.32239556       2.29516745       2.27190065       2.25197244       2.23499465       2.22057128       2.20829582       2.19778752       2.19309044       2.18871474       2.18080091       2.17382312       2.16760397       2.16200376       2.15691280       2.15224552       2.14793468       2.14392734       2.14018130       2.13666391       2.13334846    
   2.31795907       2.28776288       2.26317406       2.24230480       2.22449350       2.20933461       2.19644976       2.18546915       2.17605495       2.17184186       2.16791463       2.16080618       2.15453362       2.14894104       2.14390564       2.13933015       2.13513851       2.13127065       2.12767887       2.12432528       2.12118030       2.11821914    
   2.28368258       2.25612402       2.23396087       2.21532488       2.19949841       2.18605185       2.17461944       2.16486406       2.15648627       2.15273190       2.14922953       2.14288306       2.13727641       2.13227391       2.12776780       2.12367320       2.11992288       2.11646390       2.11325383       2.11025906       2.10745263       2.10481262    
   2.25308537       2.22801685       2.20806861       2.19142818       2.17735624       2.16541791       2.15526509       2.14659190       2.13913202       2.13578510       2.13266063       2.12699342       2.12198138       2.11750627       2.11347389       2.10980940       2.10645390       2.10336041       2.10049129       2.09781671       2.09531212       2.09295797    
