          51          22
   3.54516694E-11   7.03530983E-11   1.29189326E-10   2.22724131E-10   3.64575953E-10   5.71554304E-10   8.63995597E-10   1.26609745E-09   1.80625215E-09   2.13820073E-09   2.51737853E-09   3.43725093E-09   4.60882843E-09   6.08057871E-09   7.90680144E-09   1.01479491E-08   1.28709399E-08   1.61494746E-08   2.00643449E-08   2.47037306E-08   3.01635090E-08   3.65475437E-08
   1.12081920E-10   2.35245851E-10   4.49898091E-10   7.99875000E-10   1.34124112E-09   2.14378271E-09   3.29248873E-09   4.88901675E-09   7.05314429E-09   8.39079473E-09   9.92419569E-09   1.36624498E-08   1.84505158E-08   2.44946836E-08   3.20262359E-08   4.13027195E-08   5.26091810E-08   6.62593607E-08   8.25967987E-08   1.01995937E-07   1.24863135E-07   1.51637622E-07
   3.43339773E-10   7.49832751E-10   1.47570756E-09   2.68093592E-09   4.57164751E-09   7.40581596E-09   1.14988294E-08   1.72289152E-08   2.50423966E-08   2.98897582E-08   3.54587542E-08   4.90754388E-08   6.65724329E-08   8.87165257E-08   1.16365221E-07   1.50470314E-07   1.92081046E-07   2.42346829E-07   3.02519510E-07   3.73955118E-07   4.58115068E-07   5.56566818E-07
   1.06107434E-09   2.38871634E-09   4.80428008E-09   8.87052476E-09   1.53158375E-08   2.50539944E-08   3.92028952E-08   5.91020104E-08   8.63283631E-08   1.03250564E-07   1.22710730E-07   1.70341863E-07   2.31588530E-07   3.09099022E-07   4.05808009E-07   5.24938685E-07   6.70001612E-07   8.44790804E-07   1.05337620E-06   1.30009323E-06   1.58952844E-06   1.92650305E-06
   3.64442587E-09   8.38859027E-09   1.71347327E-08   3.19915223E-08   5.56856712E-08   9.16249903E-08   1.43951425E-07   2.17582112E-07   3.18236658E-07   3.80707945E-07   4.52448973E-07   6.27562372E-07   8.51706943E-07   1.13375916E-06   1.48328343E-06   1.91045638E-06   2.42597548E-06   3.04095352E-06   3.76680191E-06   4.61510399E-06   5.59748469E-06   6.72547594E-06
   9.53535650E-09   2.22448016E-08   4.58482106E-08   8.61177654E-08   1.50475827E-07   2.48116436E-07   3.90076849E-07   5.89251840E-07   8.60344983E-07   1.02792353E-06   1.21975438E-06   1.68539350E-06   2.27645046E-06   3.01309478E-06   3.91613958E-06   5.00667784E-06   6.30569957E-06   7.83371524E-06   9.61039495E-06   1.16542333E-05   1.39822687E-05   1.66098398E-05
   3.68536064E-08   8.69747936E-08   1.80309101E-07   3.39203154E-07   5.91527623E-07   9.70408564E-07   1.51355232E-06   2.26218322E-06   3.25966130E-06   3.86546253E-06   4.54989049E-06   6.17565638E-06   8.17703949E-06   1.05900408E-05   1.34455258E-05   1.67685375E-05   2.05780016E-05   2.48867836E-05   2.97020561E-05   3.50258670E-05   4.08558699E-05   4.71860985E-05
   9.38561158E-08   2.22140102E-07   4.60085545E-07   8.61967180E-07   1.49275559E-06   2.42560827E-06   3.73824741E-06   5.50862978E-06   7.81047493E-06   9.18156547E-06   1.07092383E-05   1.42590379E-05   1.85008266E-05   2.34618747E-05   2.91564211E-05   3.55871962E-05   4.27474588E-05   5.06232427E-05   5.91955250E-05   6.84421539E-05   7.83394426E-05   8.88634167E-05
   3.59318477E-07   8.41710346E-07   1.71182808E-06   3.12690850E-06   5.24641291E-06   8.21432059E-06   1.21443491E-05   1.71114116E-05   2.31504000E-05   2.65729632E-05   3.02611552E-05   3.84170780E-05   4.75747584E-05   5.76825987E-05   6.86874773E-05   8.05391610E-05   9.31927934E-05   1.06609928E-04   1.20758588E-04   1.35612776E-04   1.51151689E-04   1.67358899E-04
   1.34329821E-06   3.02425315E-06   5.84192685E-06   1.00475618E-05   1.57877967E-05   2.31004560E-05   3.19383871E-05   4.22046396E-05   5.37845845E-05   6.00322055E-05   6.65680273E-05   8.04607989E-05   9.53886556E-05   1.11296475E-04   1.28145461E-04   1.45909624E-04   1.64572630E-04   1.84124961E-04   2.04561846E-04   2.25881580E-04   2.48084369E-04   2.71171448E-04
   1.46119601E-05   2.25232707E-05   3.17733138E-05   4.23560268E-05   5.42631351E-05   6.74779294E-05   8.19814595E-05   9.77578093E-05   1.14796479E-04   1.23787453E-04   1.33092573E-04   1.52645996E-04   1.73460227E-04   1.95541201E-04   2.18896326E-04   2.43533606E-04   2.69461161E-04   2.96686718E-04   3.25217319E-04   3.55059106E-04   3.86217231E-04   4.18695796E-04
   2.65659237E-05   3.74227457E-05   5.02657495E-05   6.51149239E-05   8.19494671E-05   1.00731544E-04   1.21422301E-04   1.43990022E-04   1.68412895E-04   1.81315874E-04   1.94678709E-04   2.22783230E-04   2.52728147E-04   2.84519308E-04   3.18165141E-04   3.53675307E-04   3.91059904E-04   4.30328801E-04   4.71490988E-04   5.14554384E-04   5.59525623E-04   6.06409914E-04
   3.83961451E-05   5.40875735E-05   7.26495782E-05   9.41110484E-05   1.18441894E-04   1.45587430E-04   1.75491485E-04   2.08108206E-04   2.43406015E-04   2.62054324E-04   2.81367247E-04   3.21985717E-04   3.65263841E-04   4.11210029E-04   4.59836359E-04   5.11156744E-04   5.65185852E-04   6.21937739E-04   6.81425387E-04   7.43660261E-04   8.08651850E-04   8.76407779E-04
   5.54520084E-05   7.81134586E-05   1.04920458E-04   1.35914699E-04   1.71052714E-04   2.10255501E-04   2.53441889E-04   3.00545624E-04   3.51521070E-04   3.78451979E-04   4.06342617E-04   4.65001212E-04   5.27500350E-04   5.93851903E-04   6.64073334E-04   7.38184666E-04   8.16206855E-04   8.98160099E-04   9.84063256E-04   1.07393274E-03   1.16778212E-03   1.26562233E-03
   8.01906790E-05   1.12961592E-04   1.51727203E-04   1.96547699E-04   2.47360207E-04   3.04050453E-04   3.66500986E-04   4.34615911E-04   5.08329074E-04   5.47272386E-04   5.87603368E-04   6.72425434E-04   7.62800162E-04   8.58744606E-04   9.60283622E-04   1.06744608E-03   1.18026207E-03   1.29876076E-03   1.42296904E-03   1.55291078E-03   1.68860552E-03   1.83006900E-03
   1.15970077E-04   1.63361998E-04   2.19422669E-04   2.84239068E-04   3.57720157E-04   4.39700641E-04   5.30010555E-04   6.28511014E-04   7.35106179E-04   7.91420927E-04   8.49741919E-04   9.72398790E-04   1.10308325E-03   1.24181970E-03   1.38864375E-03   1.54359662E-03   1.70672161E-03   1.87806063E-03   2.05765245E-03   2.24553142E-03   2.44172569E-03   2.64625833E-03
   1.67521197E-04   2.35978325E-04   3.16956342E-04   4.10580717E-04   5.16719825E-04   6.35134755E-04   7.65579811E-04   9.07854061E-04   1.06181856E-03   1.14315795E-03   1.22739456E-03   1.40455330E-03   1.59330328E-03   1.79367908E-03   2.00573145E-03   2.22951942E-03   2.46510468E-03   2.71254801E-03   2.97190528E-03   3.24322539E-03   3.52655025E-03   3.82191315E-03
   2.42280905E-04   3.41285311E-04   4.58395720E-04   5.93793229E-04   7.47287355E-04   9.18532489E-04   1.10717281E-03   1.31291710E-03   1.53556361E-03   1.65318616E-03   1.77499722E-03   2.03117519E-03   2.30410835E-03   2.59384559E-03   2.90045887E-03   3.22403316E-03   3.56465741E-03   3.92241869E-03   4.29739850E-03   4.68966877E-03   5.09929098E-03   5.52631496E-03
   3.50091461E-04   4.93144849E-04   6.62355975E-04   8.57986044E-04   1.07975968E-03   1.32717728E-03   1.59972440E-03   1.89697894E-03   2.21864786E-03   2.38858070E-03   2.56456295E-03   2.93466006E-03   3.32895294E-03   3.74751026E-03   4.19043470E-03   4.65784827E-03   5.14987996E-03   5.66665735E-03   6.20829919E-03   6.77491492E-03   7.36659626E-03   7.98342191E-03
   5.05999778E-04   7.12747569E-04   9.57292272E-04   1.24001096E-03   1.56050571E-03   1.91805488E-03   2.31191423E-03   2.74147210E-03   3.20630264E-03   3.45186191E-03   3.70615954E-03   4.24094684E-03   4.81068203E-03   5.41546242E-03   6.05543656E-03   6.73078187E-03   7.44168833E-03   8.18834733E-03   8.97094142E-03   9.78963729E-03   1.06445858E-02   1.15359155E-02
   7.31452135E-04   1.03029353E-03   1.38375419E-03   1.79237942E-03   2.25559599E-03   2.77236267E-03   3.34160402E-03   3.96243483E-03   4.63423599E-03   4.98912949E-03   5.35664894E-03   6.12953212E-03   6.95290975E-03   7.82692432E-03   8.75179656E-03   9.72779375E-03   1.07552093E-02   1.18343402E-02   1.29654789E-02   1.41489031E-02   1.53848697E-02   1.66736096E-02
   1.05707219E-03   1.48890109E-03   1.99963152E-03   2.59005511E-03   3.25935171E-03   4.00602398E-03   4.82852338E-03   5.72557375E-03   6.69628195E-03   7.20908260E-03   7.74013065E-03   8.85692053E-03   1.00466972E-02   1.13096861E-02   1.26462337E-02   1.40567673E-02   1.55417621E-02   1.71017125E-02   1.87371206E-02   2.04484724E-02   2.22362354E-02   2.41008531E-02
   1.52770965E-03   2.15171161E-03   2.88969022E-03   3.74280708E-03   4.70990362E-03   5.78884315E-03   6.97741238E-03   8.27378687E-03   9.67669860E-03   1.04178609E-02   1.11854263E-02   1.27997203E-02   1.45196989E-02   1.63457561E-02   1.82784889E-02   2.03186274E-02   2.24669892E-02   2.47244462E-02   2.70918868E-02   2.95701921E-02   3.21602225E-02   3.48627865E-02
   2.20792135E-03   3.10960039E-03   4.17593075E-03   5.40865026E-03   6.80616684E-03   8.36548023E-03   1.00834752E-02   1.19576016E-02   1.39861200E-02   1.50579568E-02   1.61681026E-02   1.85033213E-02   2.09921170E-02   2.36352570E-02   2.64338236E-02   2.93891169E-02   3.25025730E-02   3.57756875E-02   3.92099693E-02   4.28068824E-02   4.65677939E-02   5.04939258E-02
   3.19121894E-03   4.49419906E-03   6.03510579E-03   7.81663693E-03   9.83673055E-03   1.20913070E-02   1.45761315E-02   1.72877926E-02   2.02240739E-02   2.17760894E-02   2.33839657E-02   2.67675053E-02   3.03755552E-02   3.42095979E-02   3.82715277E-02   4.25634608E-02   4.70875911E-02   5.18460497E-02   5.68407588E-02   6.20733313E-02   6.75449669E-02   7.32563436E-02
   4.61091707E-03   6.49320800E-03   8.71942844E-03   1.12940129E-02   1.42146507E-02   1.74761638E-02   2.10731607E-02   2.50014495E-02   2.92585641E-02   3.15101296E-02   3.38437334E-02   3.87575887E-02   4.40017693E-02   4.95784879E-02   5.54901399E-02   6.17389344E-02   6.83265775E-02   7.52539933E-02   8.25210810E-02   9.01265517E-02   9.80677232E-02  0.106340460    
   6.65947795E-03   9.37780738E-03   1.25938561E-02   1.63154956E-02   2.05411240E-02   2.52650511E-02   3.04811876E-02   3.61849554E-02   4.23738770E-02   4.56500165E-02   4.90473174E-02   5.62058240E-02   6.38502911E-02   7.19811022E-02   8.05974081E-02   8.96964595E-02   9.92731303E-02  0.109319523      0.119824752      0.130774781      0.142152414      0.153937340    
   9.62062646E-03   1.35484822E-02   1.81990061E-02   2.35872716E-02   2.97150165E-02   3.65777202E-02   4.41693142E-02   5.24843261E-02   6.15181476E-02   6.63031861E-02   7.12660924E-02   8.17219839E-02   9.28766727E-02  0.104716711      0.117223389      0.130372122      0.144132137      0.158466578      0.173332840      0.188683048      0.204464883      0.220622346    
   1.39137432E-02   1.95992887E-02   2.63408795E-02   3.41685154E-02   4.30922471E-02   5.31101823E-02   6.42133057E-02   7.63870478E-02   8.96105468E-02   9.66073051E-02  0.103854924      0.119081326      0.135239527      0.152267262      0.170090392      0.188623905      0.207773566      0.227437988      0.247511059      0.267884463      0.288450122      0.309102505    
   2.01023202E-02   2.83338465E-02   3.81182134E-02   4.95122895E-02   6.25374243E-02   7.71853402E-02   9.34212431E-02  0.111184441      0.130387932      0.140495360      0.150918350      0.172637135      0.195383385      0.218978167      0.243230164      0.267941922      0.292916298      0.317962527      0.342901468      0.367569655      0.391822338      0.415535063    
   2.90929284E-02   4.10529338E-02   5.53131513E-02   7.19625428E-02   9.10115242E-02  0.112391710      0.135958537      0.161497116      0.188731804      0.202885643      0.217339486      0.246965587      0.277241588      0.307802379      0.338301927      0.368426114      0.397901863      0.426502496      0.454049289      0.480410218      0.505496085      0.529255450    
   4.21529226E-02   5.95810153E-02   8.03975686E-02  0.104672566      0.132291377      0.162955925      0.196207061      0.231463343      0.268069923      0.286667556      0.305349946      0.342651844      0.379387230      0.415056914      0.449264824      0.481720597      0.512233913      0.540702641      0.567097902      0.591448426      0.613824904      0.634326756    
   6.12382628E-02   8.66832659E-02  0.116941415      0.151830465      0.190786839      0.232926697      0.277157098      0.322308332      0.367257863      0.389343143      0.411024779      0.452825665      0.492094249      0.528472960      0.561786473      0.592006862      0.619216800      0.643575251      0.665288568      0.684586883      0.701706767      0.716879070    
   8.92028585E-02  0.126157269      0.169308439      0.217638046      0.269565910      0.323225290      0.376759201      0.428555667      0.477380484      0.500405967      0.522410870      0.563199580      0.599604249      0.631707728      0.659745216      0.684044540      0.704979658      0.722937167      0.738293648      0.751400888      0.762577653      0.772106290    
  0.130172670      0.182839364      0.241943449      0.304786325      0.368375987      0.430013329      0.487654775      0.540015578      0.586487174      0.607468903      0.626971960      0.661712468      0.691152394      0.715836525      0.736344635      0.753248811      0.767087996      0.778352678      0.787478209      0.794842660      0.800768375      0.805526257    
  0.189240471      0.261130929      0.336532086      0.410788625      0.480246603      0.542658031      0.597055614      0.643388987      0.682152510      0.698928416      0.714107335      0.740107536      0.761005223      0.777602494      0.790628970      0.800732374      0.808476090      0.814341128      0.818730712      0.821977437      0.824351192      0.826067686    
  0.270743698      0.361511588      0.447850734      0.525038064      0.591151237      0.646171451      0.691057622      0.727125585      0.755724847      0.767619312      0.778104126      0.795371294      0.808490992      0.818293095      0.825482786      0.830650866      0.834284008      0.836776257      0.838440776      0.839521468      0.840204895      0.840630531    
  0.374208570      0.476111829      0.562128603      0.631557167      0.686356664      0.729106903      0.762176037      0.787522376      0.806725800      0.814433873      0.821066976      0.831594586      0.839171052      0.844503164      0.848163486      0.850608706      0.852196157      0.853200018      0.853825450      0.854222536      0.854497731      0.854723811    
  0.489124715      0.587851942      0.661688149      0.716302991      0.756911755      0.787296057      0.810068667      0.827076197      0.839681864      0.844669998      0.848930061      0.855638146      0.860449314      0.863867581      0.866283417      0.867994964      0.869225621      0.870139658      0.870854855      0.871453285      0.871989965      0.872500002    
  0.597863853      0.680251598      0.736073673      0.775164783      0.803492963      0.824499130      0.840271711      0.852189183      0.861228168      0.864901125      0.868109465      0.873374701      0.877433002      0.880592883      0.883086026      0.885085583      0.886719823      0.888082981      0.889243424      0.890250146      0.891137481      0.891928852    
  0.685114682      0.746047556      0.785028875      0.812137127      0.832197011      0.847588480      0.859634995      0.869178474      0.876806796      0.880042076      0.882950723      0.887932718      0.891997337      0.895331919      0.898081601      0.900359631      0.902254939      0.903837681      0.905163050      0.906274557      0.907206059      0.907984197    
  0.747282863      0.788772225      0.815357506      0.834936380      0.850527287      0.863356948      0.874037087      0.882959127      0.890417218      0.893672884      0.896647573      0.901844621      0.906170130      0.909759998      0.912729084      0.915174603      0.917178929      0.918811440      0.920130312      0.921183944      0.922012329      0.922648311    
  0.788040519      0.815336585      0.834402919      0.850155592      0.863890648      0.875913799      0.886338234      0.895277500      0.902868330      0.906204402      0.909259260      0.914598286      0.919025064      0.922667563      0.925640225      0.928044081      0.929966748      0.931483626      0.932658613      0.933545411      0.934188724      0.934625685    
  0.814841032      0.833887696      0.849276006      0.863362670      0.876295865      0.887885690      0.898028433      0.906741321      0.914119899      0.917349815      0.920297444      0.925418913      0.929625750      0.933049262      0.935806870      0.938001633      0.939722419      0.941044927      0.942032754      0.942739308      0.943208754      0.943477571    
  0.838186383      0.853694737      0.867293715      0.880025744      0.891714633      0.902134597      0.911202967      0.918954551      0.925490379      0.928342462      0.930940032      0.935439050      0.939117312      0.942093253      0.944472015      0.946345031      0.947790861      0.948876143      0.949657083      0.950180709      0.950486302      0.950606287    
  0.862732947      0.876722276      0.888560355      0.899212420      0.908761859      0.917181253      0.924483299      0.930728197      0.936005712      0.938313544      0.940418243      0.944069684      0.947058678      0.949475706      0.951401412      0.952906430      0.954052210      0.954891324      0.955468595      0.955822051      0.955983639      0.955980361    
  0.885230005      0.897586286      0.907187521      0.915412605      0.922674835      0.929097295      0.934727430      0.939605057      0.943779290      0.945620716      0.947308779      0.950256944      0.952687860      0.954662859      0.956238925      0.957467556      0.958394706      0.959060490      0.959500134      0.959743738      0.959817469      0.959743559    
  0.902721941      0.913231015      0.920716524      0.926888883      0.932345331      0.937260985      0.941668808      0.945569873      0.948970437      0.950488687      0.951890111      0.954359412      0.956415594      0.958098352      0.959447324      0.960500240      0.961292028      0.961854279      0.962215364      0.962400138      0.962430656      0.962325990    
  0.915408790      0.924342632      0.930209219      0.934883237      0.939050078      0.942900777      0.946448863      0.949664056      0.952521384      0.953812599      0.955012619      0.957145452      0.958938360      0.960416079      0.961606324      0.962537348      0.963236570      0.963729739      0.964040518      0.964190245      0.964198172      0.964081228    
  0.924299777      0.931978166      0.936676562      0.940310240      0.943595111      0.946721494      0.949685156      0.952433586      0.954920113      0.956055939      0.957117915      0.959019303      0.960630417      0.961966097      0.963046134      0.963892639      0.964528203      0.964974701      0.965252876      0.965381920      0.965379179      0.965260267    
  0.930734813      0.937455297      0.941312194      0.944205999      0.946863174      0.949471414      0.952014506      0.954424679      0.956640422      0.957662165      0.958622217      0.960351586      0.961826086      0.963053763      0.964049041      0.964829803      0.965415299      0.965825081      0.966077924      0.966191590      0.966182351      0.966064990    
