10.00000
24.45365
48.76776
85.39458
133.41983
191.01402
257.94919
336.63306
431.52741
548.18995
692.78825
872.16512
1094.18467
1368.11917
1704.99489
2117.91945
2622.42986
3236.88281
3982.89623
4885.84733
5975.43260
7286.29500
8858.72424
10739.43477
12982.41110
15649.68745
18811.37629
22542.71275
25724.93857
27314.36781
27498.59474
26501.79312
24605.92991
22130.51655
19381.30274
16601.56419
13952.53231
11522.93244
9350.82303
7443.47723
5790.77434
4373.32696
3167.47008
2148.51663
1293.15510
581.62429
0.00000
0.00000
