   5.9999999999999985E-006
   1.8515839950729265E-005
   3.1742490073054493E-005
   4.6025945367479788E-005
   6.1880617867857352E-005
   8.0071315563280692E-005
   1.0173512550010250E-004
   1.2856262488125639E-004
   1.6306729874576953E-004
   2.0898609979266706E-004
   2.7187498529160353E-004
   3.5999433841261015E-004
   4.8562537853950161E-004
   6.6702734939605565E-004
   9.3134739093188703E-004
   1.3189468247106133E-003
   1.8898333083118379E-003
   2.7332239146332996E-003
   3.9817631496846173E-003
   5.8326617535525444E-003
   8.5791250550935980E-003
   1.2657079438601306E-002
   1.8714643453845291E-002
   2.7715414785412215E-002
   4.1092033338564669E-002
   6.0974492917750971E-002
   9.0529586232237502E-002
  0.13446557864998734
  0.19978253768735499
  0.29688789398045962
  0.44125501434934589
  0.65588910431676384
  0.97499341694967356
   1.4494200308876553
   2.1547738570701318
   3.2034613636509643
   4.7626041559045946
   7.0806721965316566
   10.527081051299840
   15.651063547985109
   23.269197890269496
   34.595541084593812
   51.435106304517667
   76.471517580411401
   113.69468370733307
   169.03664733087052
   251.31694086556351
   373.64810524518037
   555.52536103904185
   825.93345094241374
   1227.9657734692416
   1825.6919329284494
   2714.3681480880286
   4035.6176943193950
   5999.9999999999991