# DataThief /Users/tim/Dropbox/work/Projects/20_greenedge/datathief/./Hamano+15_Fig12a/Figure.png Tuesday 21-Apr-2020 4:19:10 PM
# T_surf (K), OLR (W/m^2)
1319.0874, 278.5643
1320.6941, 278.5638
1322.3008, 278.5634
1323.9075, 278.5629
1325.5141, 278.5625
1327.1208, 278.562
1328.7275, 278.5615
1330.3342, 278.5611
1331.9409, 278.5606
1333.5476, 278.5601
1335.1542, 278.5596
1336.7609, 278.5592
1338.3676, 278.5587
1339.9743, 278.5583
1341.581, 278.5577
1343.1877, 278.5573
1344.7943, 278.5569
1346.401, 278.5564
1348.0077, 278.5558
1349.6143, 278.5554
1351.2211, 278.555
1352.8277, 278.5545
1354.4344, 278.5541
1356.0411, 278.5535
1357.6478, 278.5531
1359.2545, 278.5527
1360.8612, 278.5522
1362.4679, 278.5516
1364.0746, 278.5513
1365.6812, 278.5508
1367.2879, 278.5503
1368.8946, 278.5499
1370.5013, 278.5493
1372.108, 278.5489
1373.7147, 278.5485
1375.3213, 278.548
1376.928, 278.5474
1378.5347, 278.5471
1380.1414, 278.5466
1381.7481, 278.5461
1383.3548, 278.5457
1384.9614, 278.5452
1386.5681, 278.5447
1388.1748, 278.5443
1389.7814, 278.5438
1391.3881, 278.5433
1392.9949, 278.5429
1394.6015, 278.5424
1396.2082, 278.5419
1397.8149, 278.5415
1399.4216, 278.541
1401.0283, 278.5405
1402.635, 278.5401
1404.2416, 278.5396
1405.8483, 278.5391
1407.455, 278.5387
1409.0617, 278.5382
1410.6684, 278.5377
1412.2751, 278.5373
1413.8817, 278.5368
1415.4884, 278.5363
1417.0951, 278.5359
1418.7018, 278.5354
1420.3085, 278.5349
1421.9152, 278.5345
1423.5219, 278.534
1425.1285, 278.5335
1426.7351, 278.5331
1428.3418, 278.5326
1429.9485, 278.5321
1431.5553, 278.5316
1433.162, 278.8942
1434.7686, 278.8937
1436.3753, 278.8932
1437.982, 278.8928
1439.5887, 278.8923
1441.1954, 278.8918
1442.8021, 278.8914
1444.4087, 278.8909
1446.0154, 278.8904
1447.6221, 278.89
1449.2288, 278.8895
1450.8355, 278.889
1452.4422, 278.8885
1454.0488, 278.8881
1455.6555, 278.8876
1457.2622, 278.8872
1458.8689, 278.8867
1460.4756, 278.8862
1462.0823, 278.8858
1463.6888, 278.8853
1465.2955, 278.8849
1466.9022, 278.8843
1468.509, 278.8839
1470.1157, 278.8835
1471.7224, 278.883
1473.329, 278.8824
1474.9357, 278.882
1476.5424, 278.8816
1478.1491, 278.8811
1479.7558, 278.8807
1481.3625, 278.8801
1482.9691, 278.8797
1484.5758, 278.8793
1486.1825, 278.8788
1487.7892, 278.8782
1489.3959, 278.8779
1491.0026, 278.8774
1492.6093, 278.8769
1494.2159, 278.8765
1495.8226, 278.876
1497.4293, 278.8755
1499.036, 278.8751
1500.6427, 278.8746
1502.2494, 278.874
1503.8559, 278.8737
1505.4627, 278.8732
1507.0694, 278.8727
1508.6761, 278.8723
1510.2828, 278.8718
1511.8895, 278.8713
1513.4961, 278.8709
1515.1028, 278.8704
1516.7095, 278.8699
1518.3162, 278.8695
1519.9229, 278.869
1521.5295, 278.8685
1523.1362, 278.8681
1524.7429, 278.8676
1526.3496, 278.8671
1527.9563, 278.8667
1529.563, 278.8662
1531.1697, 278.8657
1532.7763, 278.8653
1534.383, 278.8648
1535.9897, 278.8643
1537.5964, 278.8639
1539.2031, 278.8634
1540.8098, 278.8629
1542.4165, 278.8625
1544.0231, 278.862
1545.6298, 278.8615
1547.2365, 278.8611
1548.8432, 278.8606
1550.4499, 278.8601
1552.0566, 278.8597
1553.6632, 278.8592
1555.2699, 278.8587
1556.8766, 278.8582
1558.4833, 278.8578
1560.09, 278.8573
1561.6966, 278.8569
1563.3033, 278.4934
1564.91, 278.4929
1566.5167, 278.4925
1568.1234, 278.492
1569.7301, 278.4915
1571.3368, 278.491
1572.9434, 278.4906
1574.5501, 278.4901
1576.1568, 278.4897
1577.7635, 278.4892
1579.3702, 278.4887
1580.9769, 278.4883
1582.5835, 278.4878
1584.1902, 278.4873
1585.7969, 278.4868
1587.4036, 278.4864
1589.0103, 278.4859
1590.617, 278.4855
1592.2237, 278.4849
1593.8303, 278.4846
1595.437, 278.4841
1597.0437, 278.4836
1598.6503, 278.4832
1600.257, 278.4827
1601.8638, 278.4822
1603.4704, 278.4818
1605.0771, 278.4813
1606.6838, 278.4808
1608.2905, 278.4804
1609.8972, 278.4799
1611.5039, 278.4794
1613.1105, 278.479
1614.7172, 278.4785
1616.3239, 278.478
1617.9306, 278.4776
1619.5373, 278.4771
1621.144, 278.4766
1622.7506, 278.4762
1624.3573, 278.4757
1625.964, 278.4752
1627.5707, 278.4748
1629.1774, 278.4743
1630.7841, 278.4738
1632.3907, 278.4734
1633.9973, 278.4729
1635.604, 278.4724
1637.2107, 278.472
1638.8175, 278.4715
1640.4242, 278.471
1642.0308, 278.4706
1643.6375, 278.4701
1645.2442, 278.4696
1646.8509, 278.4692
1648.4576, 278.4687
1650.0643, 278.4682
1651.671, 278.4678
1653.2776, 278.4673
1654.8843, 278.4668
1656.491, 278.4664
1658.0977, 278.4659
1659.7044, 278.4654
1661.3111, 278.8279
1662.9177, 278.8275
1664.5244, 278.827
1666.1311, 278.8265
1667.7378, 278.826
1669.3445, 278.8256
1670.9512, 278.8251
1672.5577, 278.8247
1674.1645, 278.8242
1675.7711, 278.8237
1677.3779, 278.8233
1678.9846, 278.8228
1680.5913, 278.8223
1682.1979, 278.8218
1683.8046, 278.8214
1685.4113, 278.8209
1687.018, 278.8205
1688.6247, 278.8199
1690.2314, 278.8195
1691.838, 278.8191
1693.4447, 278.8186
1695.0514, 278.8181
1696.6581, 278.8176
1698.2648, 278.8172
1699.8715, 278.8167
1701.4781, 278.8163
1703.0848, 278.8157
1704.6915, 278.8153
1706.2982, 278.8149
1707.9049, 278.8144
1709.5116, 279.1769
1711.1183, 279.1764
1712.7248, 279.176
1714.3316, 279.1755
1715.9383, 279.175
1717.545, 279.1746
1719.1517, 279.1741
1720.7584, 279.1736
1722.365, 279.1732
1723.9717, 279.1727
1725.5784, 279.1722
1727.1851, 279.1718
1728.7917, 279.1713
1730.3985, 279.1708
1732.0051, 279.1703
1733.6118, 279.1699
1735.2185, 279.1694
1736.8252, 279.169
1738.4319, 279.1685
1740.0386, 279.168
1741.6452, 279.1676
1743.2519, 279.1671
1744.8586, 279.1666
1746.4653, 279.1662
1748.072, 279.1657
1749.6787, 279.1652
1751.2852, 279.1648
1752.892, 279.1643
1754.4987, 279.1638
1756.1054, 279.1634
1757.7121, 279.1629
1759.3188, 279.1623
1760.9254, 279.162
1762.5321, 279.1615
1764.1388, 279.161
1765.7455, 279.1606
1767.3522, 279.1601
1768.9588, 279.1596
1770.5655, 279.1592
1772.1722, 279.1587
1773.7789, 279.1582
1775.3856, 279.1578
1776.9923, 279.1573
1778.599, 279.1568
1780.2057, 279.5194
1781.8123, 279.5189
1783.419, 279.5184
1785.0257, 279.518
1786.6324, 279.5175
1788.2391, 279.517
1789.8458, 279.5166
1791.4524, 279.8791
1793.0591, 279.8786
1794.6658, 279.878
1796.2725, 279.8777
1797.8792, 279.8772
1799.4859, 279.8767
1801.0925, 279.8763
1802.6992, 280.2388
1804.3059, 280.2383
1805.9125, 280.2378
1807.5192, 280.2374
1809.126, 280.2368
1810.7326, 280.2364
1812.3393, 280.236
1813.946, 280.2355
1815.5527, 280.5979
1817.1594, 280.5976
1818.7661, 280.5971
1820.3728, 280.5966
1821.9794, 280.5962
1823.5861, 280.5957
1825.1928, 280.5952
1826.7995, 280.9577
1828.4062, 280.9573
1830.0129, 280.9567
1831.6195, 280.9563
1833.2262, 281.3188
1834.8329, 281.3184
1836.4396, 281.3179
1838.0463, 281.3174
1839.653, 281.317
1841.2596, 281.6795
1842.8662, 281.679
1844.4729, 281.6785
1846.0796, 281.6781
1847.6864, 282.0406
1849.2931, 282.0401
1850.8997, 282.0397
1852.5064, 282.0392
1854.1131, 282.0387
1855.7198, 282.4012
1857.3265, 282.4008
1858.9332, 282.4003
1860.5398, 282.3998
1862.1465, 282.3994
1863.7532, 282.3989
1865.3599, 282.7614
1866.9666, 282.761
1868.5733, 282.7605
1870.1799, 282.76
1871.7866, 282.7596
1873.3933, 283.1221
1875.0, 283.1216
1876.6067, 283.1211
1878.2134, 283.4836
1879.8201, 283.4832
1881.4267, 283.4827
1881.4267, 283.8457
1883.0334, 283.8452
1884.6401, 284.2077
1886.2468, 284.2073
1887.8535, 284.2068
1889.4602, 284.5693
1891.0668, 284.5688
1892.6735, 284.5684
1894.2802, 284.9308
1895.8869, 284.9304
1897.4936, 284.9299
1899.1003, 285.2925
1900.7069, 285.292
1902.3136, 285.2915
1903.9203, 285.654
1905.527, 285.6536
1905.527, 286.0165
1907.1337, 286.0161
1908.7404, 286.0156
1910.347, 286.378
1911.9537, 286.3777
1913.5604, 286.3772
1915.1671, 286.7397
1916.7738, 286.7391
1918.3805, 287.1017
1919.987, 287.1013
1919.987, 287.4643
1921.5937, 287.4638
1923.2005, 287.8263
1924.8072, 288.1888
1926.4139, 288.1883
1926.4139, 288.5513
1928.0206, 288.9138
1929.6272, 288.9134
1931.2339, 289.2759
1932.8406, 289.6383
1934.4473, 290.0009
1936.054, 290.0004
1937.6606, 290.3629
1937.6606, 290.7259
1939.2674, 290.7254
1940.874, 291.0879
1942.4807, 291.0875
1944.0874, 291.45
1944.0874, 291.813
1945.6941, 291.8125
1947.3008, 292.175
1948.9075, 292.1745
1948.9075, 292.5375
1950.5141, 292.9
1952.1208, 292.8996
1953.7275, 293.2621
1955.3342, 293.6246
1956.9409, 293.987
1958.5476, 293.9866
1960.1542, 294.3491
1961.7609, 294.7116
1963.3676, 295.0742
1964.9743, 295.4367
1966.581, 295.7992
1968.1877, 295.7987
1969.7943, 295.7982
1971.401, 296.1608
1973.0077, 296.1602
1973.0077, 296.5232
1974.6143, 296.5228
1976.2211, 296.8853
1977.8277, 296.8848
1979.4344, 297.2474
1981.0411, 297.6099
1982.6478, 297.9724
1984.2545, 298.3349
1984.2545, 298.6979
1985.8612, 298.6974
1987.4679, 299.0599
1987.4679, 299.4229
1989.0746, 299.7854
1990.6812, 299.7849
1990.6812, 300.1479
1992.2879, 300.5104
1993.8946, 300.8729
1995.5013, 301.2354
1997.108, 301.5979
1997.108, 301.9609
1998.7147, 301.9604
2000.3213, 302.323
2000.3213, 302.6859
2001.928, 303.0484
2003.5347, 303.048
2003.5347, 303.411
2005.1414, 303.7734
2006.7481, 304.136
2008.3548, 304.4985
2009.9614, 304.861
2011.5681, 305.2235
2011.5681, 305.5865
2013.1748, 305.9489
2014.7814, 306.3115
2014.7814, 306.6745
2016.3881, 307.037
2016.3881, 307.4
2017.9949, 307.7625
2017.9949, 308.1254
2019.6015, 308.125
2019.6015, 308.488
2021.2082, 308.8505
2021.2082, 309.2134
2022.8149, 309.576
2022.8149, 309.9388
2024.4216, 310.3014
2026.0283, 310.6639
2026.0283, 311.0269
2027.635, 311.3894
2027.635, 311.7524
2029.2416, 312.1149
2029.2416, 312.4779
2030.8483, 312.4774
2030.8483, 312.8404
2032.455, 313.2029
2032.455, 313.5659
2034.0617, 313.9284
2035.6684, 314.2909
2035.6684, 314.6539
2037.2751, 314.6534
2037.2751, 315.0164
2038.8817, 315.3789
2038.8817, 315.7419
2040.4884, 316.1044
2040.4884, 316.4674
2042.0951, 316.8298
2043.7018, 317.1924
2043.7018, 317.5554
2045.3085, 317.9179
2045.3085, 318.2809
2046.9152, 318.6434
2046.9152, 319.0063
2048.5219, 319.0059
2048.5219, 319.3689
2050.1285, 319.7314
2050.1285, 320.0943
2051.7351, 320.4567
2051.7351, 320.8197
2051.7351, 321.1828
2051.7351, 321.5457
2051.7351, 321.9088
2053.3418, 322.2713
2054.9485, 322.6338
2054.9485, 322.9967
2056.5553, 323.3593
2056.5553, 323.7222
2058.162, 324.0847
2059.7686, 324.4473
2059.7686, 324.8102
2061.3753, 325.1727
2061.3753, 325.5356
2062.982, 325.8982
2062.982, 326.2612
2064.5887, 326.6237
2066.1954, 326.9862
2066.1954, 327.3492
2067.8021, 327.7117
2067.8021, 328.0747
2069.4087, 328.4372
2071.0154, 328.7997
2071.0154, 329.1627
2072.6221, 329.5252
2072.6221, 329.8881
2074.2288, 330.2507
2074.2288, 330.6137
2075.8355, 330.9762
2077.4422, 331.3387
2079.0488, 331.7012
2079.0488, 332.0642
2080.6555, 332.0637
2080.6555, 332.4267
2082.2622, 332.7892
2083.8689, 333.1517
2083.8689, 333.5147
2085.4756, 333.5142
2085.4756, 333.8772
2087.0823, 334.2397
2087.0823, 334.6027
2088.6888, 334.9651
2088.6888, 335.3281
2090.2955, 335.6907
2090.2955, 336.0536
2091.9022, 336.4161
2091.9022, 336.7791
2093.509, 337.1416
2093.509, 337.5046
2093.509, 337.8676
2095.1157, 338.2301
2095.1157, 338.5931
2096.7224, 338.9556
2096.7224, 339.3186
2096.7224, 339.6815
2098.329, 340.044
2099.9357, 340.4066
2099.9357, 340.7694
2099.9357, 341.1325
2101.5424, 341.495
2101.5424, 341.858
2103.1491, 342.2205
2103.1491, 342.5835
2103.1491, 342.9465
2104.7558, 343.309
2104.7558, 343.6719
2106.3625, 344.0345
2106.3625, 344.3974
2107.9691, 344.7599
2107.9691, 345.1229
2109.5758, 345.4854
2109.5758, 345.8484
2107.9691, 346.2118
2107.9691, 346.5748
2107.9691, 346.9378
2109.5758, 347.3003
2109.5758, 347.6633
2109.5758, 348.0263
2111.1825, 348.3888
2111.1825, 348.7517
2111.1825, 349.1147
2111.1825, 349.4777
2112.7892, 349.8401
2112.7892, 350.2032
2112.7892, 350.5662
2114.3959, 350.9287
2114.3959, 351.2916
2114.3959, 351.6545
2116.0026, 352.0171
2116.0026, 352.3801
2116.0026, 352.7431
2116.0026, 353.1061
2117.6093, 353.4686
2117.6093, 353.8315
2117.6093, 354.1945
2119.2159, 354.557
2119.2159, 354.92
2119.2159, 355.283
2120.8226, 355.6455
2120.8226, 356.0085
2120.8226, 356.3714
2122.4293, 356.734
2122.4293, 357.0969
2122.4293, 357.4599
2122.4293, 357.8229
2124.036, 358.1854
2124.036, 358.5484
2124.036, 358.9114
2125.6427, 359.2739
2125.6427, 359.6368
2125.6427, 359.9998
2127.2494, 360.3623
2127.2494, 360.7252
2127.2494, 361.0883
2127.2494, 361.4513
2128.8559, 361.8138
2128.8559, 362.1767
2128.8559, 362.5396
2130.4627, 362.9022
2130.4627, 363.2652
2130.4627, 363.6282
2132.0694, 363.9907
2132.0694, 364.3537
2132.0694, 364.7166
2132.0694, 365.0796
2133.6761, 365.4421
2133.6761, 365.8051
2133.6761, 366.1681
2135.2828, 366.5306
2135.2828, 366.8936
2135.2828, 367.2565
2136.8895, 367.6191
2136.8895, 367.982
2136.8895, 368.345
2136.8895, 368.708
2138.4961, 369.0705
2138.4961, 369.4335
2138.4961, 369.7964
2140.1028, 370.159
2140.1028, 370.5219
2140.1028, 370.8849
2141.7095, 371.2474
2141.7095, 371.6104
2141.7095, 371.9734
2143.3162, 372.3359
2143.3162, 372.6989
2143.3162, 373.0618
2143.3162, 373.4248
2144.9229, 373.7873
2144.9229, 374.1503
2144.9229, 374.5133
2146.5295, 374.8758
2146.5295, 375.2388
2146.5295, 375.6017
2148.1362, 375.9642
2148.1362, 376.3272
2148.1362, 376.6902
2148.1362, 377.0532
2149.7429, 377.4157
2149.7429, 377.7787
2149.7429, 378.1416
2151.3496, 378.5041
2151.3496, 378.8671
2151.3496, 379.2301
2152.9563, 379.5926
2152.9563, 379.9556
2152.9563, 380.3186
2152.9563, 380.6815
2154.563, 381.044
2154.563, 381.407
2154.563, 381.77
2156.1697, 382.1325
2156.1697, 382.4955
2156.1697, 382.8585
2157.7763, 383.221
2157.7763, 383.5838
2157.7763, 383.9468
2157.7763, 384.3099
2159.383, 384.6724
2159.383, 385.0354
2159.383, 385.3984
2160.9897, 385.7609
2160.9897, 386.1239
2160.9897, 386.4868
2162.5964, 386.8493
2162.5964, 387.2123
2162.5964, 387.5753
2164.2031, 387.9378
2164.2031, 388.3008
2164.2031, 388.6638
2164.2031, 389.0267
2165.8098, 389.3892
2165.8098, 389.7522
2165.8098, 390.1152
2167.4165, 390.4777
2167.4165, 390.8407
2167.4165, 391.2037
2169.0231, 391.5662
2169.0231, 391.9291
2169.0231, 392.2921
2169.0231, 392.6551
2170.6298, 393.0176
2170.6298, 393.3806
2170.6298, 393.7436
2172.2365, 394.1061
2172.2365, 394.4689
2172.2365, 394.8319
2173.8432, 395.1945
2173.8432, 395.5575
2173.8432, 395.9205
2173.8432, 396.2835
2175.4499, 396.646
2175.4499, 397.0089
2175.4499, 397.3719
2177.0566, 397.7344
2177.0566, 398.0974
2177.0566, 398.4604
2178.6632, 398.8229
2178.6632, 399.1859
2178.6632, 399.5488
2178.6632, 399.9118
2180.2699, 400.2743
2180.2699, 400.6373
2180.2699, 401.0003
2181.8766, 401.3628
2181.8766, 401.7258
2181.8766, 402.0887
2183.4833, 402.4513
2183.4833, 402.8142
2183.4833, 403.1772
2185.09, 403.5396
2185.09, 403.9026
2185.09, 404.2657
2185.09, 404.6286
2185.09, 404.9916
2186.6966, 405.3541
2186.6966, 405.717
2188.3033, 406.0796
2189.91, 406.4421
2189.91, 406.8051
2191.5167, 407.1676
2191.5167, 407.5306
2191.5167, 407.8936
2191.5167, 408.2565
2193.1234, 408.6191
2193.1234, 408.982
2193.1234, 409.345
2193.1234, 409.708
2193.1234, 410.071
2194.7301, 410.4335
2194.7301, 410.7964
2194.7301, 411.1594
2194.7301, 411.5224
2194.7301, 411.8854
2196.3368, 412.2479
2196.3368, 412.6109
2196.3368, 412.9738
2196.3368, 413.3368
2197.9434, 413.6993
2197.9434, 414.0623
2197.9434, 414.4253
2197.9434, 414.7883
2197.9434, 415.1512
2199.5501, 415.5137
2199.5501, 415.8767
2199.5501, 416.2397
2199.5501, 416.6027
2201.1568, 416.9651
2201.1568, 417.3282
2201.1568, 417.6911
2201.1568, 418.0541
2201.1568, 418.4171
2202.7635, 418.7795
2202.7635, 419.1426
2202.7635, 419.5055
2202.7635, 419.8685
2204.3702, 420.231
2204.3702, 420.5939
2204.3702, 420.9569
2204.3702, 421.32
2204.3702, 421.6829
2204.3702, 422.0459
2205.9769, 422.4083
2205.9769, 422.7713
2205.9769, 423.1344
2205.9769, 423.4974
2205.9769, 423.8603
2207.5835, 424.2227
2207.5835, 424.5857
2207.5835, 424.9487
2207.5835, 425.3118
2207.5835, 425.6747
2207.5835, 426.0377
2209.1902, 426.4002
2209.1902, 426.7631
2209.1902, 427.1262
2209.1902, 427.4892
2209.1902, 427.8521
2210.7969, 428.2147
2210.7969, 428.5776
2210.7969, 428.9405
2210.7969, 429.3035
2210.7969, 429.6665
2210.7969, 430.0295
2212.4036, 430.392
2212.4036, 430.755
2212.4036, 431.1179
2212.4036, 431.4809
2212.4036, 431.8439
2212.4036, 432.2069
2214.0103, 432.5694
2214.0103, 432.9324
2214.0103, 433.2953
2214.0103, 433.6583
2214.0103, 434.0213
2215.617, 434.3838
2215.617, 434.7468
2215.617, 435.1098
2215.617, 435.4727
2215.617, 435.8357
2215.617, 436.1987
2217.2237, 436.5612
2217.2237, 436.9242
2217.2237, 437.2872
2217.2237, 437.6502
2217.2237, 438.0131
2218.8303, 438.3757
2218.8303, 438.7386
2218.8303, 439.1016
2218.8303, 439.4646
2218.8303, 439.8276
2218.8303, 440.1905
2220.437, 440.553
2220.437, 440.916
2220.437, 441.279
2220.437, 441.642
2220.437, 442.005
2220.437, 442.3679
2222.0437, 442.7304
2222.0437, 443.0934
2222.0437, 443.4564
2222.0437, 443.8194
2222.0437, 444.1823
2223.6503, 444.5449
2223.6503, 444.9078
2223.6503, 445.2708
2223.6503, 445.6338
2223.6503, 445.9968
2223.6503, 446.3597
2225.257, 446.7222
2225.257, 447.0852
2225.257, 447.4482
2225.257, 447.8112
2225.257, 448.1742
2226.8638, 448.5367
2226.8638, 448.8996
2226.8638, 449.2626
2226.8638, 449.6256
2226.8638, 449.9886
2226.8638, 450.3515
2228.4704, 450.7141
2228.4704, 451.077
2228.4704, 451.44
2228.4704, 451.803
2228.4704, 452.166
2230.0771, 452.5285
2230.0771, 452.8914
2230.0771, 453.2544
2230.0771, 453.6174
2230.0771, 453.9804
2230.0771, 454.3434
2231.6838, 454.7059
2231.6838, 455.0688
2231.6838, 455.4318
2231.6838, 455.7948
2231.6838, 456.1578
2231.6838, 456.5207
2233.2905, 456.8833
2233.2905, 457.2462
2233.2905, 457.6092
2233.2905, 457.9722
2233.2905, 458.3352
2234.8972, 458.6977
2234.8972, 459.0606
2234.8972, 459.4236
2234.8972, 459.7866
2234.8972, 460.1496
2234.8972, 460.5126
2236.5039, 460.8751
2236.5039, 461.238
2236.5039, 461.601
2236.5039, 461.964
2236.5039, 462.327
2238.1105, 462.6895
2238.1105, 463.0525
2238.1105, 463.4154
2238.1105, 463.7784
2238.1105, 464.1414
2238.1105, 464.5044
2239.7172, 464.8669
2239.7172, 465.2298
2239.7172, 465.5928
2239.7172, 465.9558
2239.7172, 466.3188
2239.7172, 466.6818
2241.3239, 467.0443
2241.3239, 467.4072
2241.3239, 467.7702
2241.3239, 468.1332
2241.3239, 468.4962
2242.9306, 468.8587
2242.9306, 469.2217
2242.9306, 469.5846
2242.9306, 469.9476
2242.9306, 470.3106
2242.9306, 470.6736
2244.5373, 471.0361
2244.5373, 471.399
2244.5373, 471.762
2244.5373, 472.125
2244.5373, 472.488
2246.144, 472.8505
2246.144, 473.2135
2246.144, 473.5764
2246.144, 473.9394
2246.144, 474.3024
2246.144, 474.6654
2247.7506, 475.0279
2247.7506, 475.3909
2247.7506, 475.7538
2247.7506, 476.1168
2247.7506, 476.4798
2249.3573, 476.8423
2249.3573, 477.2053
2249.3573, 477.5682
2249.3573, 477.9312
2249.3573, 478.2942
2249.3573, 478.6572
2250.964, 479.0197
2250.964, 479.3827
2250.964, 479.7456
2250.964, 480.1086
2250.964, 480.4716
2250.964, 480.8346
2252.5707, 481.1971
2252.5707, 481.5601
2252.5707, 481.923
2252.5707, 482.286
2252.5707, 482.649
2254.1774, 483.0115
2254.1774, 483.3745
2254.1774, 483.7374
2254.1774, 484.1004
2254.1774, 484.4634
2254.1774, 484.8264
2255.7841, 485.1889
2255.7841, 485.5518
2255.7841, 485.9148
2255.7841, 486.2778
2255.7841, 486.6408
2257.3907, 487.0033
2257.3907, 487.3663
2257.3907, 487.7292
2257.3907, 488.0922
2257.3907, 488.4552
2257.3907, 488.8182
2258.9973, 489.1807
2258.9973, 489.5436
2258.9973, 489.9066
2258.9973, 490.2696
2258.9973, 490.6326
2258.9973, 490.9956
2260.604, 491.358
2260.604, 491.721
2260.604, 492.084
2260.604, 492.447
2260.604, 492.81
2262.2107, 493.1724
2262.2107, 493.5354
2262.2107, 493.8984
2262.2107, 494.2614
2262.2107, 494.6244
2262.2107, 494.9874
2262.2107, 495.3504
2263.8175, 495.7128
2263.8175, 496.0758
2263.8175, 496.4388
2265.4242, 496.8013
2265.4242, 497.1643
2265.4242, 497.5272
2267.0308, 497.5268
2267.0308, 497.8898
