# DataThief /Users/tim/Dropbox/work/Projects/20_greenedge/datathief/./Hamano+15_Fig12a/Figure.png Tuesday 21-Apr-2020 4:08:35 PM
# T_surf (K), OLR (W/m^2)
223.329, 119.1729
223.329, 119.5359
223.329, 119.8989
223.329, 120.2618
223.329, 120.6248
224.9357, 120.9872
224.9357, 121.3503
224.9357, 121.7133
224.9357, 122.0762
224.9357, 122.4392
224.9357, 122.8022
224.9357, 123.1652
224.9357, 123.5281
224.9357, 123.8911
224.9357, 124.2541
224.9357, 124.6171
224.9357, 124.9801
224.9357, 125.343
224.9357, 125.706
226.5424, 126.0685
226.5424, 126.4315
226.5424, 126.7945
226.5424, 127.1574
226.5424, 127.5204
226.5424, 127.8834
226.5424, 128.2464
226.5424, 128.6094
226.5424, 128.9723
226.5424, 129.3353
226.5424, 129.6983
228.1491, 130.0608
228.1491, 130.4238
228.1491, 130.7867
228.1491, 131.1497
228.1491, 131.5127
228.1491, 131.8757
228.1491, 132.2386
228.1491, 132.6016
229.7558, 132.9641
229.7558, 133.3271
229.7558, 133.6901
229.7558, 134.0531
229.7558, 134.416
229.7558, 134.779
229.7558, 135.142
231.3625, 135.5045
231.3625, 135.8675
231.3625, 136.2305
231.3625, 136.5934
231.3625, 136.9564
231.3625, 137.3194
231.3625, 137.6824
232.9691, 138.0449
232.9691, 138.4078
232.9691, 138.7708
232.9691, 139.1338
232.9691, 139.4968
232.9691, 139.8598
232.9691, 140.2227
232.9691, 140.5857
234.5758, 140.9482
234.5758, 141.3112
234.5758, 141.6742
234.5758, 142.0371
234.5758, 142.4001
234.5758, 142.7631
234.5758, 143.1261
236.1825, 143.4886
236.1825, 143.8516
236.1825, 144.2145
236.1825, 144.5775
236.1825, 144.9405
236.1825, 145.3035
236.1825, 145.6663
236.1825, 146.0294
237.7892, 146.3919
237.7892, 146.7549
237.7892, 147.1179
237.7892, 147.4809
237.7892, 147.8437
237.7892, 148.2068
237.7892, 148.5697
239.3959, 148.9323
239.3959, 149.2953
239.3959, 149.6583
239.3959, 150.0212
239.3959, 150.3841
239.3959, 150.7471
239.3959, 151.1102
239.3959, 151.4731
241.0026, 151.8356
241.0026, 152.1985
241.0026, 152.5615
241.0026, 152.9245
241.0026, 153.2875
241.0026, 153.6505
241.0026, 154.0135
241.0026, 154.3765
242.6093, 154.7389
242.6093, 155.102
242.6093, 155.4649
242.6093, 155.8279
242.6093, 156.1909
242.6093, 156.5539
242.6093, 156.9167
242.6093, 157.2798
244.2159, 157.6423
244.2159, 158.0053
244.2159, 158.3683
244.2159, 158.7313
244.2159, 159.0942
244.2159, 159.4572
244.2159, 159.8202
244.2159, 160.1832
245.8226, 160.5457
245.8226, 160.9087
245.8226, 161.2716
245.8226, 161.6346
245.8226, 161.9976
245.8226, 162.3606
245.8226, 162.7235
245.8226, 163.0865
247.4293, 163.449
247.4293, 163.812
247.4293, 164.175
247.4293, 164.538
247.4293, 164.9009
247.4293, 165.2639
247.4293, 165.6269
247.4293, 165.9899
249.036, 166.3524
249.036, 166.7153
249.036, 167.0783
249.036, 167.4413
249.036, 167.8043
249.036, 168.1672
249.036, 168.5302
249.036, 168.8932
250.6427, 169.2557
250.6427, 169.6187
250.6427, 169.9817
250.6427, 170.3446
250.6427, 170.7076
250.6427, 171.0706
250.6427, 171.4336
250.6427, 171.7965
252.2494, 172.1591
252.2494, 172.522
252.2494, 172.885
252.2494, 173.248
252.2494, 173.611
252.2494, 173.9739
252.2494, 174.3369
252.2494, 174.6999
253.8559, 175.0624
253.8559, 175.4254
253.8559, 175.7884
253.8559, 176.1513
253.8559, 176.5143
253.8559, 176.8773
253.8559, 177.2403
253.8559, 177.6032
255.4627, 177.9657
255.4627, 178.3287
255.4627, 178.6917
255.4627, 179.0547
255.4627, 179.4177
255.4627, 179.7806
255.4627, 180.1436
255.4627, 180.5066
257.0694, 180.8691
257.0694, 181.2321
257.0694, 181.595
257.0694, 181.958
257.0694, 182.321
257.0694, 182.684
257.0694, 183.0469
257.0694, 183.4099
258.6761, 183.7724
258.6761, 184.1354
258.6761, 184.4984
258.6761, 184.8614
258.6761, 185.2243
258.6761, 185.5873
258.6761, 185.9503
258.6761, 186.3133
260.2828, 186.6758
260.2828, 187.0388
260.2828, 187.4017
260.2828, 187.7647
260.2828, 188.1277
260.2828, 188.4907
260.2828, 188.8536
260.2828, 189.2166
261.8895, 189.5791
261.8895, 189.9421
261.8895, 190.3051
261.8895, 190.6681
261.8895, 191.031
261.8895, 191.394
261.8895, 191.757
261.8895, 192.12
263.4961, 192.4825
263.4961, 192.8454
263.4961, 193.2084
263.4961, 193.5714
263.4961, 193.9344
263.4961, 194.2974
263.4961, 194.6602
263.4961, 195.0233
265.1028, 195.3858
265.1028, 195.7488
265.1028, 196.1118
265.1028, 196.4747
265.1028, 196.8377
265.1028, 197.2006
265.1028, 197.5636
265.1028, 197.9266
266.7095, 198.2892
266.7095, 198.6521
266.7095, 199.0151
266.7095, 199.378
266.7095, 199.741
266.7095, 200.104
266.7095, 200.467
266.7095, 200.83
268.3162, 201.1925
268.3162, 201.5554
268.3162, 201.9184
268.3162, 202.2814
268.3162, 202.6444
268.3162, 203.0074
268.3162, 203.3704
268.3162, 203.7332
269.9229, 204.0958
269.9229, 204.4588
269.9229, 204.8218
269.9229, 205.1848
269.9229, 205.5478
269.9229, 205.9106
269.9229, 206.2737
269.9229, 206.6367
271.5295, 206.9992
271.5295, 207.3622
271.5295, 207.725
271.5295, 208.0881
271.5295, 208.4511
271.5295, 208.8141
271.5295, 209.1771
271.5295, 209.54
271.5295, 209.903
271.5295, 210.266
273.1362, 210.6284
273.1362, 210.9915
273.1362, 211.3544
273.1362, 211.7174
273.1362, 212.0804
273.1362, 212.4434
273.1362, 212.8063
273.1362, 213.1693
273.1362, 213.5323
274.7429, 213.8948
274.7429, 214.2578
274.7429, 214.6208
274.7429, 214.9837
274.7429, 215.3467
274.7429, 215.7097
274.7429, 216.0727
276.3496, 216.4352
276.3496, 216.7982
276.3496, 217.1611
276.3496, 217.5241
276.3496, 217.8871
276.3496, 218.2501
276.3496, 218.613
277.9563, 218.9755
277.9563, 219.3385
277.9563, 219.7015
277.9563, 220.0645
277.9563, 220.4275
277.9563, 220.7904
277.9563, 221.1534
279.563, 221.5159
279.563, 221.8789
279.563, 222.2419
279.563, 222.6048
279.563, 222.9678
279.563, 223.3308
279.563, 223.6938
281.1697, 224.0563
281.1697, 224.4193
281.1697, 224.7822
281.1697, 225.1452
281.1697, 225.5082
281.1697, 225.8712
282.7763, 226.2337
282.7763, 226.5967
282.7763, 226.9596
282.7763, 227.3226
282.7763, 227.6856
282.7763, 228.0486
284.383, 228.4111
284.383, 228.774
284.383, 229.137
284.383, 229.5
284.383, 229.863
284.383, 230.226
284.383, 230.5889
285.9897, 230.9514
285.9897, 231.3144
285.9897, 231.6774
285.9897, 232.0404
285.9897, 232.4033
285.9897, 232.7663
287.5964, 233.1288
287.5964, 233.4918
287.5964, 233.8548
287.5964, 234.2178
287.5964, 234.5807
287.5964, 234.9437
289.2031, 235.3062
289.2031, 235.6692
289.2031, 236.0322
289.2031, 236.3951
289.2031, 236.7581
289.2031, 237.1211
290.8098, 237.4836
290.8098, 237.8466
290.8098, 238.2096
290.8098, 238.5725
290.8098, 238.9355
290.8098, 239.2985
292.4165, 239.661
292.4165, 240.024
292.4165, 240.387
292.4165, 240.7499
292.4165, 241.1129
292.4165, 241.4759
294.0231, 241.8384
294.0231, 242.2014
294.0231, 242.5643
294.0231, 242.9273
294.0231, 243.2903
295.6298, 243.6528
295.6298, 244.0158
295.6298, 244.3788
295.6298, 244.7417
295.6298, 245.1047
295.6298, 245.4677
297.2365, 245.8302
297.2365, 246.1932
297.2365, 246.5562
297.2365, 246.9191
297.2365, 247.2821
298.8432, 247.6446
298.8432, 248.0076
298.8432, 248.3706
298.8432, 248.7335
300.4499, 249.0961
300.4499, 249.459
300.4499, 249.822
302.0566, 250.1844
302.0566, 250.5474
302.0566, 250.9104
303.6632, 251.273
303.6632, 251.636
303.6632, 251.9989
305.2699, 252.3614
305.2699, 252.7244
305.2699, 253.0874
306.8766, 253.4499
306.8766, 253.8129
306.8766, 254.1759
308.4833, 254.5384
308.4833, 254.9013
308.4833, 255.2643
310.09, 255.6268
310.09, 255.9898
310.09, 256.3528
311.6966, 256.7153
311.6966, 257.0783
313.3033, 257.4408
313.3033, 257.8037
313.3033, 258.1667
314.91, 258.5292
314.91, 258.8921
314.91, 259.2551
314.91, 259.6181
316.5167, 259.9807
316.5167, 260.3437
316.5167, 260.7066
318.1234, 261.0691
318.1234, 261.4321
318.1234, 261.7951
319.7301, 262.1576
319.7301, 262.5206
319.7301, 262.8836
321.3368, 263.2461
321.3368, 263.609
321.3368, 263.972
322.9434, 264.3345
322.9434, 264.6975
324.5501, 265.06
324.5501, 265.423
324.5501, 265.786
324.5501, 266.149
326.1568, 266.5114
326.1568, 266.8744
326.1568, 267.2374
327.7635, 267.5998
327.7635, 267.9628
327.7635, 268.3259
327.7635, 268.6888
329.3702, 269.0514
329.3702, 269.4143
329.3702, 269.7772
329.3702, 270.1403
330.9769, 270.5028
330.9769, 270.8658
330.9769, 271.2288
330.9769, 271.5917
332.5835, 271.9542
332.5835, 272.3172
332.5835, 272.6802
332.5835, 273.0432
334.1902, 273.4057
334.1902, 273.7687
334.1902, 274.1316
335.7969, 274.4941
335.7969, 274.8571
335.7969, 275.2201
335.7969, 275.5831
337.4036, 275.9456
337.4036, 276.3086
337.4036, 276.6715
337.4036, 277.0345
339.0103, 277.397
339.0103, 277.76
339.0103, 278.123
339.0103, 278.4859
340.617, 278.8485
340.617, 279.2114
340.617, 279.5744
340.617, 279.9374
342.2237, 280.2999
342.2237, 280.6629
342.2237, 281.0259
343.8303, 281.3884
345.437, 281.7509
345.437, 282.1138
347.0437, 282.1134
347.0437, 282.4764
348.6503, 282.8389
350.257, 283.2014
351.8638, 283.5638
353.4704, 283.9264
353.4704, 284.2894
355.0771, 284.6519
356.6838, 285.0144
358.2905, 285.3769
359.8972, 285.3764
361.5039, 285.7389
363.1105, 286.1015
364.7172, 286.464
366.3239, 286.4635
367.9306, 286.826
369.5373, 287.1885
371.144, 287.551
372.7506, 287.9135
374.3573, 288.276
375.964, 288.2756
377.5707, 288.6381
379.1774, 288.6376
380.7841, 289.0001
382.3907, 288.9997
383.9973, 288.9992
385.604, 289.3617
387.2107, 289.3612
388.8175, 289.7238
390.4242, 289.7233
392.0308, 289.7227
393.6375, 289.7224
395.2442, 290.0849
396.8509, 290.0844
398.4576, 290.0839
400.0643, 290.4464
401.671, 290.446
403.2776, 290.4455
404.8843, 290.445
406.491, 290.8075
408.0977, 290.8071
409.7044, 290.8066
411.3111, 290.8062
412.9177, 291.1687
414.5244, 291.1682
416.1311, 291.1677
417.7378, 291.1673
419.3445, 291.1668
419.3445, 291.5298
420.9512, 291.5293
422.5577, 291.5288
424.1645, 291.5284
425.7711, 291.5279
427.3779, 291.5274
428.9846, 291.527
430.5913, 291.8895
432.1979, 291.889
433.8046, 291.8885
435.4113, 291.8881
437.018, 291.8876
438.6247, 291.8872
440.2314, 291.8867
441.838, 292.2492
443.4447, 292.2487
445.0514, 292.2483
446.6581, 292.2478
448.2648, 292.2473
449.8715, 292.2469
451.4781, 292.2464
453.0848, 292.2459
454.6915, 292.2455
456.2982, 292.245
457.9049, 292.2445
459.5116, 292.607
461.1183, 292.6066
462.7248, 292.6061
464.3316, 292.6056
465.9383, 292.6052
467.545, 292.6047
469.1517, 292.6042
470.7584, 292.6038
472.365, 292.6033
473.9717, 292.6028
475.5784, 292.6024
477.1851, 292.6019
478.7917, 292.6014
480.3985, 292.9639
482.0051, 292.9635
483.6118, 292.963
485.2185, 292.9625
486.8252, 292.9621
488.4319, 292.9616
490.0386, 292.9612
491.6452, 292.9607
493.2519, 292.9602
494.8586, 292.9598
496.4653, 292.9593
498.072, 292.9588
499.6787, 292.9584
501.2852, 292.9579
502.892, 292.9574
504.4987, 292.9569
506.1054, 292.9565
507.7121, 293.319
509.3188, 293.3185
510.9254, 293.3181
512.5321, 293.3176
514.1388, 293.3171
515.7455, 293.3167
517.3522, 293.3162
518.9588, 293.3157
520.5655, 293.3153
522.1722, 293.3148
523.7789, 293.3143
525.3856, 293.3139
526.9923, 293.3134
528.599, 293.3129
530.2057, 293.3125
531.8123, 293.312
533.419, 293.3115
535.0257, 293.3111
536.6324, 293.3106
538.2391, 293.3101
539.8458, 293.3096
541.4524, 293.3092
543.0591, 293.3087
544.6658, 293.3083
546.2725, 293.3078
547.8792, 293.6703
549.4859, 293.6698
551.0925, 293.6694
552.6992, 293.6689
554.3059, 293.6684
555.9125, 293.668
557.5192, 293.6675
559.126, 293.667
560.7326, 293.6665
562.3393, 293.6661
563.946, 293.6656
565.5527, 293.6652
567.1594, 293.6646
568.7661, 293.6642
570.3728, 293.6638
571.9794, 293.6633
573.5861, 293.6627
575.1928, 293.6623
576.7995, 293.6619
578.4062, 293.6614
580.0129, 293.661
581.6195, 293.6604
583.2262, 293.66
584.8329, 293.6596
586.4396, 293.6591
588.0463, 293.6585
589.653, 293.6582
591.2596, 293.6577
592.8662, 293.6572
594.4729, 293.6568
596.0796, 293.6562
597.6864, 293.6558
599.2931, 293.6554
600.8997, 293.6549
602.5064, 293.6543
604.1131, 293.654
605.7198, 294.0165
607.3265, 294.016
608.9332, 294.0156
610.5398, 294.0151
612.1465, 294.0146
613.7532, 294.0142
615.3599, 294.0137
616.9666, 294.0132
618.5733, 294.0128
620.1799, 294.0123
621.7866, 294.0118
623.3933, 294.0114
625.0, 294.0109
626.6067, 294.0104
628.2134, 294.01
629.8201, 294.0095
631.4267, 294.009
633.0334, 294.0086
634.6401, 294.0081
636.2468, 294.0076
637.8535, 294.0072
639.4602, 294.0067
641.0668, 294.0062
642.6735, 294.0058
644.2802, 294.0053
645.8869, 294.0048
647.4936, 294.0044
649.1003, 294.0039
650.7069, 294.0034
652.3136, 294.003
653.9203, 294.0025
655.527, 294.002
657.1337, 294.0016
658.7404, 294.0011
660.347, 294.0006
661.9537, 294.0002
663.5604, 293.9997
665.1671, 293.9992
666.7738, 293.9988
668.3805, 293.9983
669.987, 293.9978
671.5937, 293.9973
673.2005, 293.9969
674.8072, 293.9964
676.4139, 293.996
678.0206, 293.9955
679.6272, 293.995
681.2339, 293.9946
682.8406, 293.9941
684.4473, 293.9936
686.054, 293.9931
687.6606, 293.9927
689.2674, 293.9922
690.874, 293.9918
692.4807, 293.9912
694.0874, 293.9908
695.6941, 293.9904
697.3008, 293.9899
698.9075, 293.9893
700.5141, 293.9889
702.1208, 293.9885
703.7275, 293.988
705.3342, 293.9876
706.9409, 293.987
708.5476, 293.9866
710.1542, 293.9862
711.7609, 293.9857
713.3676, 293.9851
714.9743, 293.9848
716.581, 293.9843
718.1877, 293.9838
719.7943, 293.9834
721.401, 293.9828
723.0077, 293.9824
724.6143, 293.982
726.2211, 293.9815
727.8277, 293.9809
729.4344, 293.9806
731.0411, 293.9801
732.6478, 293.9796
734.2545, 293.9792
735.8612, 293.9787
737.4679, 293.9782
739.0746, 293.9778
740.6812, 293.9773
742.2879, 293.9768
743.8946, 293.9764
745.5013, 293.9759
747.108, 293.9754
748.7147, 293.975
750.3213, 293.9745
751.928, 293.974
753.5347, 293.9736
755.1414, 293.9731
756.7481, 293.9726
758.3548, 293.9722
759.9614, 293.9717
761.5681, 293.9712
763.1748, 293.9708
764.7814, 293.9703
766.3881, 293.9698
767.9949, 293.9694
769.6015, 293.9689
771.2082, 293.9684
772.8149, 293.968
774.4216, 293.9675
776.0283, 293.967
777.635, 293.9666
779.2416, 293.9661
780.8483, 293.9656
782.455, 293.9651
784.0617, 293.9647
785.6684, 293.9642
787.2751, 293.9638
788.8817, 293.9633
790.4884, 293.9628
792.0951, 293.9624
793.7018, 293.9619
795.3085, 293.9614
796.9152, 293.9609
798.5219, 293.9605
800.1285, 293.96
801.7351, 293.9596
803.3418, 293.959
804.9485, 293.9586
806.5553, 293.9582
808.162, 293.9577
809.7686, 293.9572
811.3753, 293.9567
812.982, 293.9563
814.5887, 293.9558
816.1954, 293.9554
817.8021, 293.9548
819.4087, 293.9544
821.0154, 293.954
822.6221, 293.9535
824.2288, 293.9529
825.8355, 293.9526
827.4422, 293.9521
829.0488, 293.9516
830.6555, 293.9512
832.2622, 293.9506
833.8689, 293.9502
835.4756, 293.9498
837.0823, 293.9493
838.6888, 293.9487
840.2955, 293.9484
841.9022, 293.9479
843.509, 293.9474
845.1157, 293.947
846.7224, 293.9465
848.329, 293.946
849.9357, 293.9456
851.5424, 293.9451
853.1491, 293.9445
854.7558, 293.9442
856.3625, 293.9437
857.9691, 293.9432
859.5758, 293.9428
861.1825, 293.9423
862.7892, 293.9418
864.3959, 293.9414
866.0026, 293.9409
867.6093, 293.9404
869.2159, 293.94
870.8226, 293.9395
872.4293, 293.939
874.036, 293.9386
875.6427, 293.9381
877.2494, 293.9376
878.8559, 293.9372
880.4627, 293.9367
882.0694, 293.9362
883.6761, 293.9358
885.2828, 293.9353
886.8895, 293.9348
888.4961, 293.9344
890.1028, 293.9339
891.7095, 293.9334
893.3162, 293.933
894.9229, 293.9325
896.5295, 293.932
898.1362, 293.9316
899.7429, 293.9311
901.3496, 293.9306
902.9563, 293.9302
904.563, 293.9297
906.1697, 293.9292
907.7763, 293.9287
909.383, 293.9283
910.9897, 293.9278
912.5964, 293.9274
914.2031, 293.9268
915.8098, 293.9264
917.4165, 293.926
919.0231, 293.9255
920.6298, 293.925
922.2365, 293.9245
923.8432, 293.9241
925.4499, 293.9236
927.0566, 293.9232
928.6632, 293.9226
930.2699, 293.9222
931.8766, 293.9218
933.4833, 293.9213
935.09, 293.9207
936.6966, 293.9203
938.3033, 293.9199
939.91, 293.9194
941.5167, 293.919
943.1234, 293.9184
944.7301, 293.918
946.3368, 293.9176
947.9434, 293.9171
949.5501, 293.9165
951.1568, 293.9162
952.7635, 293.9157
954.3702, 293.9152
955.9769, 293.9148
957.5835, 293.9143
959.1902, 293.9138
960.7969, 293.9134
962.4036, 293.9129
964.0103, 293.9123
965.617, 293.912
967.2237, 293.9115
968.8303, 293.911
970.437, 293.9106
972.0437, 293.9101
973.6503, 293.9096
975.257, 293.9092
976.8638, 293.9087
978.4704, 293.9082
980.0771, 293.9078
981.6838, 293.9073
983.2905, 293.9068
984.8972, 293.9064
986.5039, 293.9059
988.1105, 293.9054
989.7172, 293.905
991.3239, 293.9045
992.9306, 293.904
994.5373, 293.9036
996.144, 293.9031
997.7506, 293.9026
999.3573, 293.9022
1000.964, 293.9017
1002.5707, 293.9012
1004.1774, 293.9008
1005.7841, 293.9003
1007.3907, 293.8999
1008.9973, 293.8994
1010.604, 293.8989
1012.2107, 293.8984
1013.8175, 293.898
1015.4242, 293.8975
1017.0308, 293.8971
1018.6375, 293.8965
1020.2442, 293.8961
1021.8509, 293.8957
1023.4576, 293.8952
1025.0643, 293.8947
1026.671, 293.8942
1028.2776, 293.8938
1029.8843, 293.8933
1031.491, 293.8929
1033.0977, 293.8923
1034.7044, 293.8919
1036.3111, 293.8915
1037.9177, 293.891
1039.5244, 293.8904
1041.1311, 293.8901
1042.7378, 293.8896
1044.3445, 293.8891
1045.9512, 293.8887
1047.5577, 293.8881
1049.1645, 293.8877
1050.7711, 293.8873
1052.3779, 293.8868
1053.9846, 293.8862
1055.5913, 293.8859
1057.1979, 293.8854
1058.8046, 293.8849
1060.4113, 293.8845
1062.018, 293.884
1063.6247, 293.8835
1065.2314, 293.8831
1066.838, 293.8826
1068.4447, 293.882
1070.0514, 293.8817
1071.6581, 293.8812
1073.2648, 293.8807
1074.8715, 293.8803
1076.4781, 293.8798
1078.0848, 293.8793
1079.6915, 293.8789
1081.2982, 293.8784
1082.9049, 293.8779
1084.5116, 293.8775
1086.1183, 293.877
1087.7248, 293.8765
1089.3316, 293.8761
1090.9383, 293.8756
1092.545, 293.8751
1094.1517, 293.8747
1095.7584, 293.8742
1097.365, 293.8737
1098.9717, 293.8733
1100.5784, 293.8728
1102.1851, 293.8723
1103.7917, 293.8719
1105.3985, 293.8714
1107.0051, 293.8709
1108.6118, 293.8705
1110.2185, 293.87
1111.8252, 293.8695
1113.4319, 293.8691
1115.0386, 293.8686
1116.6452, 293.8681
1118.2519, 293.8677
1119.8586, 293.8672
1121.4653, 293.8667
1123.072, 293.8662
1124.6787, 293.8658
1126.2852, 293.8653
1127.892, 293.8649
1129.4987, 293.8643
1131.1054, 293.8639
1132.7121, 293.8635
1134.3188, 293.863
1135.9254, 293.8625
1137.5321, 293.862
1139.1388, 293.8616
1140.7455, 293.8611
1142.3522, 293.8607
1143.9588, 293.8601
1145.5655, 293.8597
1147.1722, 293.8593
1148.7789, 293.8588
1150.3856, 293.8582
1151.9923, 293.8578
1153.599, 293.8574
1155.2057, 293.8569
1156.8123, 293.8565
1158.419, 293.8559
1160.0257, 293.8555
1161.6324, 293.8551
1163.2391, 293.8546
1164.8458, 293.854
1166.4524, 293.8537
1168.0591, 293.8532
1169.6658, 293.8527
1171.2725, 293.8523
1172.8792, 293.8518
1174.4859, 293.8513
1176.0925, 293.8509
1177.6992, 293.8504
1179.3059, 293.8498
1180.9125, 293.8495
1182.5192, 293.849
1184.126, 293.8485
1185.7326, 293.8481
1187.3393, 293.8476
1188.946, 293.8471
1190.5527, 293.8467
1192.1594, 293.8462
1193.7661, 293.8457
1195.3728, 293.8453
1196.9794, 293.8448
1198.5861, 293.8443
1200.1928, 293.8439
1201.7995, 293.8434
1203.4062, 293.8429
1205.0129, 293.8425
1206.6195, 293.842
1208.2262, 293.8415
1209.8329, 293.8411
1211.4396, 293.8406
1213.0463, 293.8401
1214.653, 293.8397
1216.2596, 293.8392
1217.8662, 293.8387
1219.4729, 293.8383
1221.0796, 293.8378
1222.6864, 293.8373
1224.2931, 293.8369
1225.8997, 293.8364
1227.5064, 293.8359
1229.1131, 293.8355
1230.7198, 293.835
1232.3265, 293.8345
1233.9332, 293.834
1235.5398, 293.8336
1237.1465, 293.8331
1238.7532, 293.8327
1240.3599, 293.8322
1241.9666, 293.8317
1243.5733, 293.8313
1245.1799, 293.8308
1246.7866, 293.8303
1248.3933, 293.8298
1250.0, 293.8294
1251.6067, 293.8289
1253.2134, 293.8285
1254.8201, 293.8279
1256.4267, 293.8275
1258.0334, 293.8271
1259.6401, 293.8266
1261.2468, 293.826
1262.8535, 293.8256
1264.4602, 293.8252
1266.0668, 293.8247
1267.6735, 293.8243
1269.2802, 293.8237
1270.8869, 293.8233
1272.4936, 293.8229
1274.1003, 293.8224
1275.7069, 293.8218
1277.3136, 293.8215
1278.9203, 293.821
1280.527, 293.8205
1282.1337, 293.8201
1283.7404, 293.8195
1285.347, 293.8191
1286.9537, 293.8187
1288.5604, 293.8182
1290.1671, 293.8176
1291.7738, 293.8173
1293.3805, 293.8168
1294.987, 293.8163
1296.5937, 293.8159
1298.2005, 293.8154
1299.8072, 293.8149
1301.4139, 293.8145
1303.0206, 293.814
1304.6272, 293.8135
1306.2339, 293.8131
1307.8406, 293.8126
1309.4473, 293.8121
1311.054, 293.8117
1312.6606, 293.8112
1314.2674, 293.8107
1315.874, 293.8103
1317.4807, 293.8098
1319.0874, 293.8093
1320.6941, 293.8089
1322.3008, 293.8084
1323.9075, 293.8079
1325.5141, 293.8075
1327.1208, 293.807
1328.7275, 293.8065
1330.3342, 293.8061
1331.9409, 293.8056
1333.5476, 293.8051
1335.1542, 293.8047
1336.7609, 293.8042
1338.3676, 293.8037
1339.9743, 293.8033
1341.581, 293.8028
1343.1877, 293.8023
1344.7943, 293.8018
1346.401, 293.8014
1348.0077, 293.8009
1349.6143, 293.8005
1351.2211, 293.8
1352.8277, 293.7995
1354.4344, 293.7991
1356.0411, 293.7986
1357.6478, 293.7981
1359.2545, 293.7976
1360.8612, 293.7972
1362.4679, 293.7967
1364.0746, 293.7963
1365.6812, 293.7957
1367.2879, 293.7953
1368.8946, 293.7949
1370.5013, 293.7944
1372.108, 293.7939
1373.7147, 293.7934
1375.3213, 293.793
1376.928, 293.7925
1378.5347, 293.7921
1380.1414, 293.7915
1381.7481, 293.7911
1383.3548, 293.7907
1384.9614, 293.7902
1386.5681, 293.7896
1388.1748, 293.7893
1389.7814, 293.7888
1391.3881, 293.7883
1392.9949, 293.7879
1394.6015, 293.7873
1396.2082, 293.7869
1397.8149, 293.7865
1399.4216, 293.786
1401.0283, 293.7854
1402.635, 293.7851
1404.2416, 293.7846
1405.8483, 293.7841
1407.455, 293.7837
1409.0617, 293.7832
1410.6684, 293.7827
1412.2751, 293.7823
1413.8817, 293.7818
1415.4884, 293.7812
1417.0951, 293.7809
1418.7018, 293.7804
1420.3085, 293.7799
1421.9152, 293.7795
1423.5219, 293.779
1425.1285, 293.7785
1426.7351, 293.7781
1428.3418, 293.7776
1429.9485, 293.7771
1431.5553, 293.7767
1433.162, 293.7762
1434.7686, 293.7757
1436.3753, 293.7753
1437.982, 293.7748
1439.5887, 293.7743
1441.1954, 293.7739
1442.8021, 293.7734
1444.4087, 293.7729
1446.0154, 293.7725
1447.6221, 293.772
1449.2288, 293.7715
1450.8355, 293.7711
1452.4422, 293.7706
1454.0488, 293.7701
1455.6555, 293.7697
1457.2622, 293.7692
1458.8689, 293.7687
1460.4756, 293.7683
1462.0823, 293.7678
1463.6888, 293.7673
1465.2955, 293.7669
1466.9022, 293.7664
1468.509, 293.766
1470.1157, 293.7654
1471.7224, 293.765
1473.329, 293.7646
1474.9357, 293.7641
1476.5424, 293.7635
1478.1491, 293.7631
1479.7558, 293.7627
1481.3625, 293.7622
1482.9691, 293.7618
1484.5758, 293.7612
1486.1825, 293.7608
1487.7892, 293.7604
1489.3959, 293.7599
1491.0026, 293.7593
1492.6093, 293.759
1494.2159, 293.7585
1495.8226, 293.758
1497.4293, 293.7576
1499.036, 293.757
1500.6427, 293.7566
1502.2494, 293.7562
1503.8559, 293.7557
1505.4627, 293.7551
1507.0694, 293.7548
1508.6761, 293.7543
1510.2828, 293.7538
1511.8895, 293.7534
1513.4961, 293.7529
1515.1028, 293.7524
1516.7095, 293.752
1518.3162, 293.7515
1519.9229, 293.751
1521.5295, 293.7506
1523.1362, 293.7501
1524.7429, 293.7496
1526.3496, 293.7492
1527.9563, 293.7487
1529.563, 293.7482
1531.1697, 293.7478
1532.7763, 293.7473
1534.383, 293.7468
1535.9897, 293.7464
1537.5964, 293.7459
1539.2031, 293.7454
1540.8098, 293.745
1542.4165, 293.7445
1544.0231, 293.744
1545.6298, 293.7436
1547.2365, 293.7431
1548.8432, 293.7426
1550.4499, 293.7422
1552.0566, 293.7417
1553.6632, 294.1042
1555.2699, 294.1037
1556.8766, 294.1033
1558.4833, 294.1028
1560.09, 294.1023
1561.6966, 294.1019
1563.3033, 294.1014
1564.91, 294.1009
1566.5167, 294.1005
1568.1234, 294.1
1569.7301, 294.0995
1571.3368, 294.0991
1572.9434, 294.0986
1574.5501, 294.0981
1576.1568, 294.0977
1577.7635, 294.0972
1579.3702, 294.0967
1580.9769, 294.0963
1582.5835, 294.0958
1584.1902, 294.0953
1585.7969, 294.0949
1587.4036, 294.0944
1589.0103, 294.0939
1590.617, 294.0935
1592.2237, 294.093
1593.8303, 294.0925
1595.437, 294.0921
1597.0437, 294.0916
1598.6503, 294.0911
1600.257, 294.0907
1601.8638, 294.0902
1603.4704, 294.0897
1605.0771, 294.0893
1606.6838, 294.0888
1608.2905, 294.0883
1609.8972, 294.0879
1611.5039, 294.0874
1613.1105, 294.0869
1614.7172, 294.0865
1616.3239, 294.086
1617.9306, 294.0855
1619.5373, 294.0851
1621.144, 294.0846
1622.7506, 294.0841
1624.3573, 294.0836
1625.964, 294.0832
1627.5707, 294.0827
1629.1774, 294.0823
1630.7841, 294.0818
1632.3907, 294.0813
1633.9973, 294.0809
1635.604, 294.0804
1637.2107, 294.0799
1638.8175, 294.0795
1640.4242, 294.079
1642.0308, 294.4415
1643.6375, 294.441
1645.2442, 294.4405
1646.8509, 294.4401
1648.4576, 294.4396
1650.0643, 294.4392
1651.671, 294.4386
1653.2776, 294.4382
1654.8843, 294.4378
1656.491, 294.4373
1658.0977, 294.4369
1659.7044, 294.4364
1661.3111, 294.4359
1662.9177, 294.4355
1664.5244, 294.435
1666.1311, 294.4344
1667.7378, 294.4341
1669.3445, 294.4336
1670.9512, 294.4331
1672.5577, 294.4327
1674.1645, 294.4322
1675.7711, 294.4317
1677.3779, 294.4313
1678.9846, 294.4308
1680.5913, 294.4303
1682.1979, 294.4299
1683.8046, 294.4294
1685.4113, 294.4289
1687.018, 294.4285
1688.6247, 294.428
1690.2314, 294.4275
1691.838, 294.4271
1693.4447, 294.4266
1695.0514, 294.4261
1696.6581, 294.4257
1698.2648, 294.4252
1699.8715, 294.4247
1701.4781, 294.4243
1703.0848, 294.4238
1704.6915, 294.4233
1706.2982, 294.4229
1707.9049, 294.4224
1709.5116, 294.4219
1711.1183, 294.4215
1712.7248, 294.421
1714.3316, 294.4205
1715.9383, 294.4201
1717.545, 294.4196
1719.1517, 294.4191
1720.7584, 294.4187
1722.365, 294.4182
1723.9717, 294.7807
1725.5784, 294.7802
1727.1851, 294.7798
1728.7917, 294.7793
1730.3985, 294.7788
1732.0051, 294.7784
1733.6118, 294.7779
1735.2185, 294.7774
1736.8252, 294.777
1738.4319, 294.7765
1740.0386, 294.776
1741.6452, 294.7755
1743.2519, 294.7751
1744.8586, 294.7746
1746.4653, 294.7742
1748.072, 294.7737
1749.6787, 294.7732
1751.2852, 294.7728
1752.892, 294.7723
1754.4987, 294.7718
1756.1054, 294.7713
1757.7121, 294.7709
1759.3188, 294.7704
1760.9254, 294.77
1762.5321, 294.7694
1764.1388, 294.769
1765.7455, 294.7686
1767.3522, 294.7681
1768.9588, 294.7675
1770.5655, 294.7671
1772.1722, 294.7667
1773.7789, 294.7662
1775.3856, 294.7658
1776.9923, 294.7652
1778.599, 294.7648
1780.2057, 295.1273
1781.8123, 295.1269
1783.419, 295.1264
1785.0257, 295.1259
1786.6324, 295.1255
1788.2391, 295.125
1789.8458, 295.1245
1791.4524, 295.1241
1793.0591, 295.1236
1794.6658, 295.1231
1796.2725, 295.1227
1797.8792, 295.1222
1799.4859, 295.1217
1801.0925, 295.1213
1802.6992, 295.4838
1804.3059, 295.4833
1805.9125, 295.4828
1807.5192, 295.4824
1809.126, 295.4819
1810.7326, 295.4815
1812.3393, 295.4809
1813.946, 295.8435
1815.5527, 295.843
1817.1594, 295.8426
1818.7661, 295.842
1820.3728, 296.2046
1821.9794, 296.2041
1823.5861, 296.2037
1825.1928, 296.2032
1826.7995, 296.5657
1828.4062, 296.5653
1830.0129, 296.5648
1831.6195, 296.9273
1833.2262, 296.9268
1834.8329, 296.9264
1836.4396, 296.9259
1838.0463, 297.2884
1839.653, 297.2879
1841.2596, 297.2875
1842.8662, 297.287
1844.4729, 297.6495
1846.0796, 297.6491
1847.6864, 297.6486
1849.2931, 297.6481
1850.8997, 298.0106
1852.5064, 298.0102
1854.1131, 298.0097
1855.7198, 298.0092
1857.3265, 298.3717
1858.9332, 298.3713
1860.5398, 298.3708
1862.1465, 298.3703
1863.7532, 298.7328
1865.3599, 298.7324
1866.9666, 298.7319
1868.5733, 298.7314
1870.1799, 298.7309
1871.7866, 299.0935
1873.3933, 299.093
1875.0, 299.0926
1876.6067, 299.0921
1878.2134, 299.4546
1879.8201, 299.4541
1881.4267, 299.4537
1883.0334, 299.4532
1884.6401, 299.8157
1886.2468, 299.8152
1887.8535, 299.8148
1889.4602, 299.8143
1891.0668, 300.1768
1892.6735, 300.1764
1894.2802, 300.1759
1895.8869, 300.1754
1897.4936, 300.5379
1899.1003, 300.5375
1900.7069, 300.537
1902.3136, 300.5365
1903.9203, 300.899
1905.527, 300.8986
1907.1337, 300.8981
1908.7404, 300.8976
1910.347, 301.2602
1911.9537, 301.2597
1913.5604, 301.2591
1915.1671, 301.2588
1916.7738, 301.6213
1918.3805, 301.6208
1919.987, 301.6202
1921.5937, 301.6199
1923.2005, 301.9824
1924.8072, 301.9819
1926.4139, 301.9814
1928.0206, 301.9809
1929.6272, 302.3435
1931.2339, 302.343
1932.8406, 302.3426
1934.4473, 302.3421
1936.054, 302.7046
1937.6606, 302.7041
1939.2674, 302.7037
1940.874, 302.7032
1942.4807, 302.7027
1944.0874, 303.0652
1945.6941, 303.0648
1947.3008, 303.0643
1948.9075, 303.0638
1950.5141, 303.4263
1952.1208, 303.4259
1953.7275, 303.4254
1955.3342, 303.4249
1956.9409, 303.7875
1958.5476, 303.787
1960.1542, 303.7865
1961.7609, 304.149
1963.3676, 304.1486
1964.9743, 304.1481
1966.581, 304.1476
1968.1877, 304.5101
1969.7943, 304.5097
1971.401, 304.5091
1973.0077, 304.5087
1974.6143, 304.5083
1976.2211, 304.8708
1977.8277, 304.8702
1979.4344, 304.8699
1981.0411, 304.8694
1982.6478, 305.2319
1984.2545, 305.2314
1985.8612, 305.231
1987.4679, 305.2305
1989.0746, 305.593
1990.6812, 305.5925
1992.2879, 305.592
1993.8946, 305.5916
1995.5013, 305.9541
1997.108, 305.9537
1998.7147, 305.9532
2000.3213, 306.3157
2001.928, 306.3152
2003.5347, 306.3148
2005.1414, 306.6773
2006.7481, 306.6768
2008.3548, 307.0393
2009.9614, 307.0388
2009.9614, 307.4018
2011.5681, 307.7643
2013.1748, 307.7639
2014.7814, 308.1264
2014.7814, 308.4894
2016.3881, 308.4889
2017.9949, 308.8514
2019.6015, 308.8509
2019.6015, 309.2139
2021.2082, 309.5764
2022.8149, 309.576
2024.4216, 309.9385
2024.4216, 310.3014
2026.0283, 310.301
2027.635, 310.6635
2029.2416, 311.026
2030.8483, 311.0255
2030.8483, 311.3885
2032.455, 311.751
2034.0617, 311.7505
2035.6684, 312.1131
2037.2751, 312.4756
2038.8817, 312.838
2040.4884, 313.2006
2040.4884, 313.5636
2042.0951, 313.9261
2043.7018, 314.2886
2045.3085, 314.6511
2046.9152, 315.0136
2048.5219, 315.3761
2048.5219, 315.7391
2050.1285, 316.1016
2051.7351, 316.4641
2051.7351, 316.8271
2053.3418, 317.1896
2054.9485, 317.5521
2054.9485, 317.9151
2056.5553, 318.2776
2058.162, 318.6401
2059.7686, 319.0026
2059.7686, 319.3656
2061.3753, 319.7281
2062.982, 320.0906
2064.5887, 320.4531
2066.1954, 320.8155
2066.1954, 321.1786
2067.8021, 321.5411
2069.4087, 321.9036
2071.0154, 322.2661
2072.6221, 322.6286
2074.2288, 322.991
2075.8355, 323.3537
2077.4422, 323.7162
2079.0488, 324.0787
2080.6555, 324.4412
2080.6555, 324.8042
2082.2622, 325.1667
2083.8689, 325.5292
2083.8689, 325.8921
2083.8689, 326.2551
2085.4756, 326.6176
2085.4756, 326.9806
2087.0823, 327.3431
2087.0823, 327.7061
2088.6888, 328.0686
2088.6888, 328.4316
2090.2955, 328.7941
2090.2955, 329.1571
2090.2955, 329.5201
2091.9022, 329.8826
2091.9022, 330.2455
2093.509, 330.608
2093.509, 330.971
2095.1157, 331.3335
2095.1157, 331.6965
2096.7224, 332.059
2096.7224, 332.422
2098.329, 332.7845
2098.329, 333.1475
2099.9357, 333.51
2099.9357, 333.873
2101.5424, 334.2355
2101.5424, 334.5985
2103.1491, 334.9609
2103.1491, 335.3239
2104.7558, 335.6865
2104.7558, 336.0493
2106.3625, 336.4119
2106.3625, 336.7749
2107.9691, 337.1374
2107.9691, 337.5004
2109.5758, 337.8629
2111.1825, 338.2254
2112.7892, 338.5878
2112.7892, 338.9508
2114.3959, 339.3134
2116.0026, 339.6759
2116.0026, 340.0389
2116.0026, 340.4019
2117.6093, 340.7644
2117.6093, 341.1274
2119.2159, 341.4899
2119.2159, 341.8529
2119.2159, 342.2158
2120.8226, 342.5783
2120.8226, 342.9413
2120.8226, 343.3043
2122.4293, 343.6667
2122.4293, 344.0298
2122.4293, 344.3928
2124.036, 344.7553
2124.036, 345.1182
2124.036, 345.4812
2125.6427, 345.8437
2125.6427, 346.2067
2125.6427, 346.5697
2125.6427, 346.9327
2127.2494, 347.2952
2127.2494, 347.6581
2127.2494, 348.0211
2127.2494, 348.3841
2128.8559, 348.7466
2128.8559, 349.1096
2128.8559, 349.4726
2128.8559, 349.8355
2130.4627, 350.1981
2130.4627, 350.561
2130.4627, 350.924
2130.4627, 351.287
2132.0694, 351.6495
2132.0694, 352.0125
2132.0694, 352.3754
2133.6761, 352.738
2133.6761, 353.1009
2133.6761, 353.4639
2135.2828, 353.8264
2135.2828, 354.1894
2135.2828, 354.5524
2135.2828, 354.9153
2136.8895, 355.2779
2136.8895, 355.6408
2136.8895, 356.0038
2138.4961, 356.3663
2138.4961, 356.7292
2138.4961, 357.0923
2140.1028, 357.4548
2140.1028, 357.8178
2140.1028, 358.1807
2141.7095, 358.5432
2141.7095, 358.9062
2141.7095, 359.2692
2143.3162, 359.6317
2143.3162, 359.9947
2143.3162, 360.3577
2144.9229, 360.7202
2144.9229, 361.0831
2144.9229, 361.4461
2146.5295, 361.8086
2146.5295, 362.1716
2148.1362, 362.5341
2148.1362, 362.8971
2148.1362, 363.2601
2149.7429, 363.6226
2149.7429, 363.9856
2149.7429, 364.3485
2151.3496, 364.7109
2151.3496, 365.074
2152.9563, 365.4365
2152.9563, 365.7995
2152.9563, 366.1625
2154.563, 366.525
2154.563, 366.888
2154.563, 367.2509
2156.1697, 367.6135
2156.1697, 367.9764
2156.1697, 368.3394
2157.7763, 368.7019
2157.7763, 369.0649
2157.7763, 369.4279
2159.383, 369.7904
2159.383, 370.1534
2159.383, 370.5163
2160.9897, 370.8788
2160.9897, 371.2418
2162.5964, 371.6042
2162.5964, 371.9673
2162.5964, 372.3303
2164.2031, 372.6928
2164.2031, 373.0558
2164.2031, 373.4187
2164.2031, 373.7816
2165.8098, 374.1442
2165.8098, 374.5072
2165.8098, 374.8702
2167.4165, 375.2327
2167.4165, 375.5957
2167.4165, 375.9586
2167.4165, 376.3216
2169.0231, 376.6841
2169.0231, 377.0471
2169.0231, 377.4101
2169.0231, 377.7731
2170.6298, 378.1356
2170.6298, 378.4985
2170.6298, 378.8615
2170.6298, 379.2245
2172.2365, 379.587
2172.2365, 379.95
2172.2365, 380.313
2172.2365, 380.6759
2173.8432, 381.0384
2173.8432, 381.4014
2173.8432, 381.7644
2173.8432, 382.1274
2173.8432, 382.4904
2175.4499, 382.8529
2175.4499, 383.2158
2175.4499, 383.5788
2175.4499, 383.9418
2175.4499, 384.3048
2177.0566, 384.6673
2177.0566, 385.0303
2177.0566, 385.3932
2177.0566, 385.7562
2178.6632, 386.1187
2178.6632, 386.4817
2178.6632, 386.8447
2178.6632, 387.2076
2178.6632, 387.5706
2180.2699, 387.9331
2180.2699, 388.2961
2180.2699, 388.6591
2180.2699, 389.0221
2180.2699, 389.385
2180.2699, 389.748
2180.2699, 390.111
2180.2699, 390.474
2180.2699, 390.8369
2181.8766, 391.1995
2181.8766, 391.5624
2181.8766, 391.9254
2181.8766, 392.2884
2181.8766, 392.6514
2181.8766, 393.0143
2183.4833, 393.3768
2183.4833, 393.7398
2183.4833, 394.1028
2183.4833, 394.4658
2183.4833, 394.8288
2183.4833, 395.1917
2183.4833, 395.5547
2183.4833, 395.9177
2183.4833, 396.2807
2185.09, 396.6432
2185.09, 397.0061
2185.09, 397.3691
2186.6966, 397.7316
2186.6966, 398.0946
2186.6966, 398.4576
2186.6966, 398.8206
2186.6966, 399.1835
2186.6966, 399.5465
2186.6966, 399.9095
2186.6966, 400.2725
2188.3033, 400.635
2188.3033, 400.998
2188.3033, 401.3609
2188.3033, 401.7239
2188.3033, 402.0869
2188.3033, 402.4499
2188.3033, 402.8128
2188.3033, 403.1758
2188.3033, 403.5388
2188.3033, 403.9018
2188.3033, 404.2647
2188.3033, 404.6277
2188.3033, 404.9907
2188.3033, 405.3537
2188.3033, 405.7166
2188.3033, 406.0796
2189.91, 406.4421
2189.91, 406.8051
2189.91, 407.1681
2189.91, 407.5311
2189.91, 407.894
2189.91, 408.257
2189.91, 408.62
2189.91, 408.983
2189.91, 409.3458
2189.91, 409.7088
2189.91, 410.0719
2189.91, 410.4349
2189.91, 410.7978
2189.91, 411.1608
2189.91, 411.5238
2189.91, 411.8868
2191.5167, 412.2493
2191.5167, 412.6122
2191.5167, 412.9752
2191.5167, 413.3382
2191.5167, 413.7012
2191.5167, 414.0642
2191.5167, 414.4271
2191.5167, 414.7901
2191.5167, 415.1531
2191.5167, 415.5161
2191.5167, 415.8791
2191.5167, 416.242
2191.5167, 416.605
2191.5167, 416.968
2191.5167, 417.331
2193.1234, 417.6935
2193.1234, 418.0564
2193.1234, 418.4194
2193.1234, 418.7824
2193.1234, 419.1454
2193.1234, 419.5083
2193.1234, 419.8713
2193.1234, 420.2343
2193.1234, 420.5973
2193.1234, 420.9603
2193.1234, 421.3232
2193.1234, 421.6862
2193.1234, 422.0492
2193.1234, 422.4122
2193.1234, 422.7751
2193.1234, 423.1381
2194.7301, 423.5006
2194.7301, 423.8636
2194.7301, 424.2266
2194.7301, 424.5896
2194.7301, 424.9525
2194.7301, 425.3155
2194.7301, 425.6785
2194.7301, 426.0415
2194.7301, 426.4043
2194.7301, 426.7673
2194.7301, 427.1304
2196.3368, 427.4929
2196.3368, 427.8559
2196.3368, 428.2187
2196.3368, 428.5817
2196.3368, 428.9447
2196.3368, 429.3078
2196.3368, 429.6707
2196.3368, 430.0337
2196.3368, 430.3967
2196.3368, 430.7597
2196.3368, 431.1227
2196.3368, 431.4856
2196.3368, 431.8486
2196.3368, 432.2116
2196.3368, 432.5746
2196.3368, 432.9375
2196.3368, 433.3005
2196.3368, 433.6635
2196.3368, 434.0265
2196.3368, 434.3894
2197.9434, 434.752
2197.9434, 435.1149
2197.9434, 435.4779
